55 0 469 55 161 393 9.157621
56 0 464 66 149 365 11.272018
57 0 426 47 191 467 5.094038
58 0 424 62 182 443 12.854060
59 0 424 62 182 443 8.542129
60 0 422 71 161 393 28.805983
61 0 406 71 161 393 51.806931
62 0 390 71 161 393 40.690109
63 0 391 80 149 365 31.901817
64 0 359 71 161 393 36.049473
65 0 359 71 161 393 43.347748
66 0 362 80 149 365 52.140533
67 0 362 80 149 365 47.248810
68 0 362 80 149 365 47.180664
69 0 362 80 149 365 48.749924
70 0 362 80 149 365 55.658665
71 0 362 80 149 365 50.532177
72 0 372 100 137 333 28.687298
83 0 373 230 89 217 13.114249
84 0 373 222 89 217 22.827375
85 0 375 220 82 200 30.397079
86 0 375 220 82 200 24.786663
87 0 373 230 75 183 15.642002
88 0 382 222 89 217 23.089230
89 0 382 222 89 217 15.608533
90 0 382 222 89 217 17.548525
91 0 373 222 89 217 14.967480
92 0 373 222 89 217 19.514814
93 0 373 222 89 217 21.332262
94 0 373 222 89 217 20.539989
95 0 375 228 82 200 20.075954
96 0 375 228 82 200 19.770763
97 0 373 222 89 217 27.157209
98 0 373 222 89 217 22.456783
99 0 375 228 82 200 28.925634
100 0 375 228 82 200 25.591806
101 0 375 228 82 200 28.862234
102 0 375 228 82 200 27.846853
103 0 375 228 82 200 28.062235
104 0 373 222 89 217 29.373142
105 0 375 228 82 200 25.580614
106 0 373 222 89 217 26.893524
107 0 373 222 89 217 33.266747
108 0 375 228 82 200 27.684704
109 0 373 222 89 217 30.425859
110 0 373 222 89 217 28.290735
111 0 373 222 89 217 28.789688
112 0 373 222 89 217 31.036142
113 0 381 230 75 183 28.816973
114 0 381 230 75 183 22.046476
115 0 367 228 82 200 25.193155
116 0 367 228 82 200 24.991007
117 0 382 233 69 168 29.989836
118 0 391 241 58 142 25.427141
119 0 404 241 45 109 4.919027
134 0 412 308 53 129 3.978822
148 0 430 333 45 109 -0.231916
151 0 423 326 49 119 -0.084064
162 0 364 230 89 217 0.083185
163 0 386 246 53 129 17.904768
164 0 385 246 58 142 41.226021
165 0 376 233 69 168 52.250389
166 0 373 230 75 183 42.312202
167 0 376 233 69 168 24.609634
168 0 369 239 69 168 22.375908
169 0 364 222 89 217 27.484039
170 0 373 223 75 183 25.911909
171 0 355 222 89 217 14.416907
172 0 384 244 63 155 17.713068
173 0 355 222 89 217 24.355595
174 0 355 222 89 217 10.870450
176 0 342 171 106 259 19.193401
177 0 337 153 116 282 27.867992
178 0 342 138 98 238 50.758373
179 0 342 119 106 259 53.654716
180 0 342 109 106 259 55.304249
181 0 342 109 106 259 51.450706
182 0 331 109 106 259 28.841682
183 0 331 109 106 259 20.174175
184 0 332 110 98 238 21.168024
185 0 323 110 98 238 28.005159
186 0 310 109 106 259 10.330045
187 0 304 119 98 238 7.621348
188 0 285 119 98 238 14.091475
189 0 269 119 106 259 17.343643
190 0 265 119 98 238 29.920326
191 0 265 119 98 238 51.693634
192 0 265 119 98 238 56.693520
193 0 256 119 98 238 59.017773
194 0 256 129 98 238 60.522865
195 0 256 119 98 238 57.927555
196 0 256 129 98 238 43.891624
197 0 268 126 89 217 34.040894
198 0 265 129 98 238 21.683275
199 0 256 119 98 238 17.278688
200 0 246 129 98 238 18.322948
201 0 256 129 98 238 24.670736
202 0 260 126 89 217 25.397764
203 0 256 129 98 238 26.619513
204 0 277 133 58 142 25.398642
205 0 268 131 69 168 14.446355
206 0 261 131 49 119 11.413710
217 0 172 166 41 100 10.380758
219 0 143 159 45 109 5.130570
220 0 123 155 49 119 14.243807
278 0 214 118 69 168 5.878045
279 0 247 121 49 119 1.794355
280 0 235 133 63 155 7.717349
282 0 229 158 63 155 2.593627
287 0 155 197 161 393 -0.701589
343 0 213 108 116 282 8.277641
346 0 195 80 126 307 6.794731
349 0 59 31 211 515 15.621859
350 0 38 31 211 515 8.169818
351 0 19 11 228 556 14.750671
352 0 1 11 224 556 19.952278
353 0 1 11 224 556 30.275202
354 0 1 11 224 556 18.591908
355 0 1 11 224 556 10.312398
356 0 19 11 228 556 7.959630
357 0 19 11 228 556 8.112430
