49 0 506 2 237 501
50 0 492 8 235 550
51 0 486 8 232 542
52 0 501 22 195 548
53 0 502 42 189 447
54 0 488 19 181 553
55 0 491 46 167 416
56 0 479 44 149 410
57 0 467 60 149 418
58 0 451 51 154 481
59 0 401 47 180 509
60 0 411 55 170 476
61 0 413 54 148 473
62 0 393 61 149 470
63 0 361 72 200 434
64 0 367 71 172 391
65 0 367 69 152 394
66 0 354 68 160 396
67 0 356 78 149 392
68 0 356 74 141 398
69 0 348 78 146 405
70 0 352 79 146 392
71 0 353 90 142 383
72 0 349 82 151 396
73 0 353 91 145 377
74 0 357 111 135 344
75 0 349 130 141 343
76 0 308 163 197 301
77 0 323 182 170 243
78 0 334 205 158 270
79 0 352 235 140 187
80 0 325 228 160 187
81 0 325 218 165 190
82 0 338 228 152 176
83 0 336 230 173 184
84 0 346 213 150 223
85 0 338 219 153 211
86 0 357 218 130 206
87 0 355 229 122 195
88 0 346 214 133 233
89 0 347 202 135 248
90 0 343 219 150 246
91 0 358 213 126 230
92 0 362 214 118 243
93 0 353 210 126 232
94 0 350 212 121 233
95 0 352 211 123 229
96 0 352 209 122 232
97 0 360 220 123 224
98 0 358 216 125 231
99 0 348 223 129 212
100 0 359 212 120 231
101 0 350 216 122 230
102 0 362 213 114 250
103 0 349 223 128 213
104 0 358 212 116 224
105 0 351 216 123 230
106 0 353 214 124 220
107 0 359 213 119 231
108 0 357 217 130 216
109 0 356 218 121 217
110 0 354 215 122 220
111 0 351 218 125 215
112 0 350 218 121 226
113 0 353 212 121 213
114 0 351 219 131 201
115 0 351 217 120 226
116 0 352 221 129 202
117 0 355 226 125 180
118 0 348 219 123 180
119 0 348 220 125 213
120 0 347 214 131 208
121 0 340 220 147 196
122 0 346 221 134 205
123 0 357 204 114 245
124 0 352 204 120 232
125 0 340 209 143 164
126 0 356 215 117 224
127 0 351 214 133 177
128 0 343 208 134 177
129 0 345 219 131 209
130 0 339 212 132 173
131 0 345 219 121 208
132 0 337 220 130 206
133 0 346 227 116 196
134 0 346 228 123 195
135 0 351 211 123 225
136 0 352 206 123 203
137 0 352 215 124 202
138 0 354 214 122 200
139 0 348 212 126 209
140 0 357 217 113 217
141 0 350 214 123 208
142 0 348 224 123 176
143 0 350 214 125 201
144 0 359 215 113 208
145 0 361 225 108 177
146 0 360 225 111 177
147 0 340 218 121 210
148 0 356 217 114 212
149 0 358 214 111 201
150 0 341 218 121 208
151 0 341 218 126 168
152 0 344 209 116 187
153 0 381 224 82 211
154 0 361 210 108 213
155 0 344 212 124 211
156 0 357 215 106 208
157 0 368 220 98 218
158 0 364 214 105 212
159 0 372 213 95 212
160 0 358 206 112 227
161 0 352 213 119 148
162 0 339 221 139 155
163 0 340 219 141 151
164 0 355 229 121 174
165 0 351 225 125 190
166 0 346 218 128 220
167 0 343 212 141 232
168 0 367 212 110 226
169 0 343 213 129 223
170 0 349 218 137 204
171 0 352 210 119 217
172 0 344 212 130 227
173 0 341 211 141 219
174 0 343 171 134 274
175 0 336 179 154 265
176 0 331 177 140 199
178 0 345 130 116 280
179 0 345 105 101 323
180 0 332 90 128 329
181 0 320 96 136 336
182 0 324 92 135 353
183 0 323 96 129 331
184 0 315 94 126 319
185 0 316 84 119 312
186 0 316 97 112 284
187 0 308 89 100 301
188 0 300 104 95 267
189 0 284 122 110 221
190 0 288 105 86 244
191 0 272 112 95 229
192 0 276 103 101 238
193 0 273 122 99 221
194 0 270 112 103 220
195 0 262 111 108 217
196 0 266 116 97 214
197 0 272 114 96 207
198 0 275 107 92 224
199 0 279 117 81 218
200 0 284 126 71 200
201 0 289 123 60 209
202 0 280 117 59 206
203 0 268 113 70 214
204 0 258 114 76 218
205 0 255 125 80 197
206 0 246 96 83 253
210 0 120 68 223 505
211 0 117 72 200 475
212 0 99 50 226 473
213 0 100 41 210 485
214 0 57 45 279 526
215 0 55 36 255 536
216 0 32 5 292 595
217 0 25 4 292 595
218 0 23 0 304 586
219 0 10 30 331 569
271 0 20 10 310 589
272 0 36 0 300 599
273 0 49 57 310 524
274 0 82 31 235 534
275 0 62 59 256 454
276 0 87 64 243 415
277 0 103 73 207 345
278 0 130 82 187 304
279 0 122 78 191 336
280 0 123 84 188 335
281 0 139 112 176 295
282 0 146 124 162 264
283 0 129 135 185 261
284 0 133 168 185 240
285 0 121 192 192 202
286 0 114 204 196 197
287 0 107 189 194 209
288 0 105 218 193 173
289 0 89 213 195 197
290 0 125 219 165 173
291 0 122 216 173 190
292 0 138 214 138 178
293 0 137 211 167 165
294 0 151 215 146 147
295 0 149 212 144 145
296 0 166 220 139 142
297 0 170 220 133 128
298 0 158 211 160 158
299 0 180 220 128 138
300 0 184 221 123 137
301 0 186 222 120 126
302 0 168 218 146 141
303 0 184 223 120 131
304 0 181 223 122 130
305 0 177 221 128 129
306 0 178 221 130 130
307 0 177 219 130 132
308 0 178 219 129 131
309 0 178 220 128 130
310 0 178 219 130 132
311 0 176 218 133 134
312 0 176 218 131 133
313 0 178 219 128 133
314 0 177 220 130 132
315 0 177 219 132 131
316 0 178 219 130 131
317 0 177 219 131 131
318 0 177 219 129 133
319 0 176 219 129 131
320 0 176 220 132 131
321 0 162 216 153 143
322 0 157 218 156 152
323 0 156 218 158 148
324 0 150 221 165 137
325 0 150 219 161 147
326 0 129 220 181 149
327 0 146 213 148 152
328 0 137 221 162 158
329 0 135 226 161 159
330 0 117 210 192 178
331 0 113 221 184 173
331 1 230 222 68 108
332 0 115 220 185 165
332 1 251 218 60 108
333 0 114 205 184 179
333 1 257 219 56 104
334 0 252 223 66 90
335 0 129 192 160 193
335 1 269 204 62 135
336 0 135 192 193 163
336 1 260 195 63 142
337 0 147 149 175 223
338 0 144 137 194 206
339 0 179 126 155 228
340 0 178 118 162 242
341 0 185 94 159 252
342 0 183 96 151 265
343 0 168 88 170 303
344 0 135 90 192 313
345 0 118 97 200 329
349 0 50 52 248 515
350 0 48 28 276 538
351 0 35 0 266 570
352 0 17 11 280 549
353 0 4 12 287 507
354 0 15 10 274 484
355 0 16 2 259 524
356 0 13 23 304 530
357 0 0 0 267 531
358 0 8 5 261 570
359 0 12 24 313 544
360 0 26 18 310 581
363 0 0 29 392 530
