46 0 535 26 259 485
47 0 532 0 267 539
48 0 527 0 271 539
49 0 536 5 250 477
50 0 535 18 234 515
51 0 520 0 181 599
52 0 509 23 191 546
53 0 484 32 197 540
54 0 479 31 177 545
55 0 480 51 163 508
56 0 455 22 167 550
57 0 467 0 136 599
58 0 462 29 135 541
59 0 453 36 141 528
60 0 456 47 128 507
61 0 396 51 169 489
62 0 409 67 145 460
63 0 391 52 166 499
64 0 355 53 190 481
65 0 371 52 144 446
66 0 367 60 135 425
67 0 367 63 128 423
68 0 365 70 129 410
69 0 365 63 125 422
70 0 362 64 125 413
71 0 364 72 120 397
72 0 361 75 123 402
73 0 366 82 114 387
74 0 346 112 138 367
75 0 337 143 148 324
76 0 333 164 148 317
77 0 340 200 128 263
78 0 339 191 137 282
79 0 341 223 138 237
80 0 377 220 109 241
81 0 349 215 121 240
82 0 375 213 108 245
83 0 344 219 131 229
84 0 346 215 128 239
85 0 343 211 130 242
86 0 343 207 127 248
87 0 342 209 129 239
88 0 342 213 126 232
89 0 340 212 126 235
90 0 340 214 128 235
91 0 342 213 126 237
92 0 340 212 125 242
93 0 340 212 125 238
94 0 342 211 124 242
95 0 341 214 124 233
96 0 341 214 124 233
97 0 342 213 124 236
98 0 342 214 123 234
99 0 341 214 124 235
100 0 340 216 124 230
101 0 341 215 125 232
102 0 341 214 123 235
103 0 342 214 123 234
104 0 341 213 124 236
105 0 341 213 125 236
106 0 341 213 125 237
107 0 342 214 124 233
108 0 341 213 124 236
109 0 340 213 126 236
110 0 341 215 124 233
111 0 341 214 124 233
112 0 341 215 124 230
113 0 340 211 125 242
114 0 343 212 121 242
115 0 343 212 123 246
116 0 340 214 126 236
117 0 350 218 115 178
118 0 354 218 108 163
119 0 352 217 114 159
120 0 349 218 121 151
121 0 354 217 111 155
122 0 360 217 107 159
123 0 357 215 108 163
124 0 354 216 114 158
125 0 348 218 122 154
126 0 349 218 123 156
127 0 346 217 125 160
128 0 344 218 126 161
129 0 344 217 125 161
130 0 344 217 123 159
131 0 344 218 125 159
132 0 343 216 123 160
133 0 352 213 115 167
134 0 354 214 113 168
135 0 354 213 114 173
136 0 356 212 111 172
137 0 355 212 112 172
138 0 356 213 111 170
139 0 355 213 111 169
140 0 356 212 110 173
141 0 356 214 109 167
142 0 355 212 111 172
143 0 356 214 110 168
144 0 357 214 108 165
145 0 356 215 109 161
146 0 356 214 109 168
147 0 357 213 108 169
148 0 356 214 110 168
149 0 357 213 108 169
150 0 356 214 108 162
151 0 356 217 109 155
152 0 357 217 108 158
153 0 359 213 110 227
154 0 364 216 101 160
155 0 360 216 108 162
156 0 361 215 107 162
157 0 365 214 101 164
158 0 362 214 105 165
159 0 364 215 104 161
160 0 360 217 110 156
161 0 360 218 109 156
162 0 359 219 107 153
163 0 356 217 107 156
164 0 354 216 110 164
165 0 346 215 122 181
166 0 336 215 135 234
167 0 343 212 125 241
168 0 356 213 110 192
169 0 355 210 113 195
170 0 355 211 112 190
171 0 352 207 118 197
172 0 349 204 119 205
173 0 344 195 124 223
174 0 346 182 118 246
175 0 343 181 128 250
176 0 343 176 123 260
177 0 347 156 112 287
178 0 348 138 100 271
179 0 344 110 102 322
180 0 343 98 102 343
181 0 342 78 107 378
182 0 332 79 117 375
183 0 326 78 124 389
184 0 268 157 36 56
184 1 327 85 118 378
185 0 329 82 113 388
186 0 322 80 128 392
187 0 313 95 102 348
188 0 302 92 104 356
189 0 293 128 100 205
190 0 279 119 106 222
191 0 281 120 93 221
192 0 277 120 92 216
193 0 273 120 92 219
194 0 269 119 92 217
195 0 265 120 92 216
196 0 260 123 97 211
197 0 263 124 95 212
198 0 265 128 92 205
199 0 267 128 87 208
200 0 264 128 86 215
201 0 265 125 83 210
202 0 264 126 81 207
203 0 264 128 78 213
204 0 244 118 96 228
205 0 263 118 70 189
206 0 116 99 226 411
207 0 112 95 234 416
208 0 113 83 224 384
209 0 114 100 217 405
211 0 118 62 212 425
212 0 57 23 259 545
213 0 42 9 277 531
214 0 21 0 250 546
215 0 21 0 240 540
216 0 7 25 211 485
217 0 6 37 198 515
218 0 4 134 204 454
219 0 9 18 197 491
221 0 0 47 133 444
222 0 5 19 101 369
269 0 2 0 124 428
270 0 21 4 267 531
271 0 14 18 279 506
272 0 10 14 277 520
273 0 20 31 246 537
274 0 34 43 238 524
275 0 60 57 252 479
276 0 84 81 215 384
277 0 84 83 219 374
278 0 101 77 202 379
279 0 126 76 176 374
280 0 131 87 164 364
281 0 139 91 153 358
282 0 143 129 150 284
283 0 142 147 155 296
284 0 144 165 159 256
285 0 143 175 160 247
286 0 138 181 161 241
287 0 137 195 158 213
288 0 143 208 148 185
289 0 144 218 147 160
290 0 137 226 163 208
291 0 130 211 155 182
292 0 141 215 148 168
293 0 140 215 156 168
294 0 145 217 150 165
295 0 142 216 152 167
296 0 150 217 144 159
297 0 136 215 162 221
298 0 158 218 139 149
299 0 166 218 126 153
300 0 177 218 112 148
301 0 177 218 114 149
302 0 177 218 117 149
303 0 179 218 114 148
304 0 178 218 114 150
305 0 175 219 116 149
306 0 178 218 114 148
307 0 176 218 117 149
308 0 176 218 117 149
309 0 177 218 115 149
310 0 175 218 118 150
311 0 176 218 116 150
312 0 176 218 117 149
313 0 175 218 118 149
314 0 178 218 115 148
315 0 177 219 117 146
316 0 175 219 119 148
317 0 177 218 117 147
318 0 176 219 117 148
319 0 175 218 117 149
320 0 178 219 114 146
321 0 178 219 115 147
322 0 170 220 121 149
323 0 159 220 127 152
324 0 146 220 145 154
325 0 130 221 171 213
326 0 135 221 162 210
327 0 141 223 151 160
328 0 135 225 161 202
329 0 143 224 148 157
330 0 143 224 151 152
331 0 154 225 142 145
332 0 163 222 136 151
333 0 145 225 162 214
334 0 130 216 180 233
335 0 131 211 189 238
336 0 137 189 184 227
337 0 112 166 223 281
338 0 112 133 220 332
339 0 108 116 228 361
340 0 104 97 234 356
341 0 193 115 138 240
342 0 120 91 217 358
343 0 116 92 219 356
344 0 112 88 212 371
345 0 85 77 230 447
346 0 90 56 220 496
347 0 75 64 229 480
348 0 65 47 227 511
349 0 33 14 254 559
350 0 18 27 243 535
351 0 3 15 233 562
352 0 0 15 235 556
353 0 0 13 240 512
354 0 0 20 236 497
355 0 0 36 223 516
356 0 0 36 223 518
357 0 0 26 222 540
358 0 0 0 232 535
359 0 0 37 280 562
360 0 0 16 282 583
361 0 0 4 284 595
362 0 0 0 310 599
363 0 6 0 351 566
364 0 3 35 374 564
365 0 2 46 369 553
366 0 74 42 295 557
367 0 133 0 283 546
