0 0 651 9 141 584 1 0 
1 0 651 8 141 585 1 0 
2 0 651 8 141 585 1 0 
3 0 651 8 141 585 1 0 
4 0 652 8 140 585 1 0 
5 0 652 7 140 586 1 0 
6 0 652 7 140 586 1 0 
7 0 653 7 140 586 1 0 
8 0 653 7 140 587 1 0 
9 0 653 7 140 587 1 0 
10 0 653 6 140 588 1 0 
11 0 654 6 139 588 1 0 
12 0 654 6 139 588 1 0 
13 0 654 6 140 588 1 0 
14 0 655 6 139 588 1 0 
15 0 655 5 139 590 1 0 
16 0 655 5 139 590 1 0 
17 0 656 5 138 590 1 0 
18 0 656 5 138 590 1 0 
19 0 656 5 139 590 1 0 
20 0 656 4 139 591 1 0 
21 0 657 4 138 591 1 0 
22 0 657 4 138 592 1 0 
23 0 657 4 138 592 1 0 
24 0 658 4 137 592 1 0 
25 0 658 3 137 593 1 0 
26 0 658 3 138 593 1 0 
27 0 658 3 138 593 1 0 
28 0 659 3 137 593 1 0 
29 0 659 3 137 593 1 0 
30 0 659 2 137 595 1 0 
31 0 660 2 136 595 1 0 
32 0 660 2 137 595 1 0 
33 0 660 2 137 595 1 0 
34 0 661 2 136 595 1 0 
35 0 661 1 136 596 1 0 
36 0 661 1 136 596 1 0 
37 0 661 1 136 597 1 0 
38 0 662 1 136 597 1 0 
39 0 662 1 136 597 1 0 
40 0 662 0 136 598 1 0 
41 0 663 0 135 598 1 0 
42 0 663 0 135 598 1 0 
43 0 663 0 135 598 1 0 
44 0 664 0 135 599 0 1 
45 0 638 0 157 599 0 1 
46 0 613 0 178 599 0 1 
47 0 588 0 199 599 0 1 
48 0 563 0 220 599 0 1 
49 0 538 0 242 599 0 1 
50 0 521 5 227 594 0 0 
51 0 512 20 202 579 0 0 
52 0 502 27 202 572 0 0 
53 0 492 34 202 565 0 0 
54 0 482 41 202 558 0 0 
55 0 472 49 202 550 0 0 
56 0 457 49 195 542 0 0 
57 0 442 49 188 535 0 0 
58 0 427 49 181 527 0 0 
59 0 412 50 175 519 0 0 
60 0 404 54 175 516 0 0 
61 0 396 58 175 513 0 0 
62 0 389 62 175 510 0 0 
63 0 378 63 175 502 0 0 
64 0 367 65 175 494 0 0 
65 0 357 67 175 486 0 0 
66 0 359 68 165 479 0 0 
67 0 361 70 156 472 0 0 
68 0 363 71 146 466 0 0 
69 0 365 73 137 459 0 0 
70 0 367 75 128 452 0 0 
71 0 364 82 130 443 0 0 
72 0 362 89 132 435 0 0 
73 0 360 96 133 427 0 0 
74 0 358 103 135 419 0 0 
75 0 357 129 135 392 0 0 
76 0 356 156 135 364 0 0 
77 0 355 182 135 337 0 0 
78 0 355 209 135 310 0 0 
79 0 354 213 135 304 0 0 
80 0 353 218 135 297 0 0 
81 0 352 223 135 290 0 0 
82 0 351 228 135 284 0 0 
83 0 350 222 134 285 0 0 
84 0 349 216 133 287 0 0 
85 0 349 211 131 288 0 0 
86 0 349 211 131 287 0 0 
87 0 349 212 131 285 0 0 
88 0 350 212 131 284 0 0 
89 0 350 213 131 282 0 0 
90 0 350 213 131 281 0 0 
91 0 351 214 131 280 0 0 
92 0 351 218 131 276 0 0 
93 0 350 217 131 276 0 0 
94 0 350 217 131 276 0 0 
95 0 350 217 131 276 0 0 
96 0 350 217 131 276 0 0 
97 0 350 217 131 276 0 0 
98 0 350 217 131 276 0 0 
99 0 350 217 131 276 0 0 
100 0 350 217 131 276 0 0 
101 0 350 217 131 276 0 0 
102 0 349 217 131 276 0 0 
103 0 349 216 131 276 0 0 
104 0 349 216 131 276 0 0 
105 0 349 216 131 276 0 0 
106 0 349 216 131 276 0 0 
107 0 349 216 131 276 0 0 
108 0 349 216 131 276 0 0 
109 0 349 216 131 276 0 0 
110 0 349 216 131 276 0 0 
111 0 348 216 131 276 0 0 
112 0 348 216 131 276 0 0 
113 0 348 215 131 276 0 0 
114 0 348 215 131 276 0 0 
115 0 348 215 131 276 0 0 
116 0 348 215 131 276 0 0 
117 0 348 215 131 276 0 0 
118 0 348 215 131 276 0 0 
119 0 348 215 131 276 0 0 
120 0 347 215 131 276 0 0 
121 0 347 215 131 276 0 0 
122 0 347 215 131 276 0 0 
123 0 347 214 131 276 0 0 
124 0 347 214 131 276 0 0 
125 0 347 214 131 276 0 0 
126 0 347 214 131 276 0 0 
127 0 347 214 131 276 0 0 
128 0 347 214 131 276 0 0 
129 0 346 214 131 276 0 0 
130 0 346 214 131 276 0 0 
131 0 346 214 131 276 0 0 
132 0 346 214 131 276 0 0 
133 0 346 213 131 276 0 0 
134 0 346 213 131 276 0 0 
135 0 346 213 131 276 0 0 
136 0 346 213 131 276 0 0 
137 0 346 213 131 276 0 0 
138 0 345 213 131 276 0 0 
139 0 345 213 131 276 0 0 
140 0 345 213 131 276 0 0 
141 0 345 213 131 276 0 0 
142 0 345 213 131 276 0 0 
143 0 345 212 131 276 0 0 
144 0 345 212 131 276 0 0 
145 0 345 212 131 276 0 0 
146 0 345 212 131 276 0 0 
147 0 344 212 131 276 0 0 
148 0 344 212 131 276 0 0 
149 0 344 212 131 276 0 0 
150 0 344 212 131 276 0 0 
151 0 344 212 131 276 0 0 
152 0 344 212 131 276 0 0 
153 0 344 211 131 276 0 0 
154 0 344 211 131 276 0 0 
155 0 344 211 131 276 0 0 
156 0 343 211 131 276 0 0 
157 0 343 211 131 276 0 0 
158 0 343 211 131 276 0 0 
159 0 343 211 131 276 0 0 
160 0 343 211 131 276 0 0 
161 0 343 211 131 276 0 0 
162 0 343 211 131 276 0 0 
163 0 343 210 131 276 0 0 
164 0 343 210 131 276 0 0 
165 0 342 210 131 276 0 0 
166 0 342 210 131 276 0 0 
167 0 342 210 131 276 0 0 
168 0 342 210 131 276 0 0 
169 0 342 210 131 276 0 0 
170 0 342 210 131 276 0 0 
171 0 342 210 131 276 0 0 
172 0 342 210 131 276 0 0 
173 0 342 210 131 276 0 0 
174 0 341 208 131 276 0 0 
175 0 340 188 131 288 0 0 
176 0 342 165 131 307 0 0 
177 0 339 151 123 328 0 0 
178 0 331 130 123 352 0 0 
179 0 333 109 123 372 0 0 
180 0 335 96 123 388 0 0 
181 0 330 95 123 388 0 0 
182 0 325 95 123 388 0 0 
183 0 320 95 123 388 0 0 
184 0 315 95 123 388 0 0 
185 0 308 96 123 386 0 0 
186 0 301 97 123 385 0 0 
187 0 294 98 123 384 0 0 
188 0 288 100 123 382 0 0 
189 0 278 101 123 379 0 0 
190 0 269 103 123 376 0 0 
191 0 259 104 123 373 0 0 
192 0 250 106 123 370 0 0 
193 0 250 108 123 368 0 0 
194 0 250 110 123 366 0 0 
195 0 250 112 123 364 0 0 
196 0 250 114 123 362 0 0 
197 0 250 116 123 360 0 0 
198 0 250 118 123 358 0 0 
199 0 250 120 123 356 0 0 
200 0 250 119 123 357 0 0 
201 0 241 116 123 357 0 0 
202 0 233 114 123 357 0 0 
203 0 225 111 123 357 0 0 
204 0 217 109 123 357 0 0 
205 0 207 105 127 379 0 0 
206 0 197 102 131 400 0 0 
207 0 187 98 135 422 0 0 
208 0 177 95 139 443 0 0 
209 0 159 83 143 469 0 0 
210 0 142 71 147 495 0 0 
211 0 125 59 150 521 0 0 
212 0 108 48 154 546 0 0 
213 0 91 37 161 558 0 0 
214 0 75 27 167 569 0 0 
215 0 59 17 173 580 0 0 
216 0 44 12 177 585 0 0 
217 0 29 8 181 590 0 0 
218 0 14 4 185 594 0 0 
219 0 0 0 188 599 0 0 
220 0 0 0 171 597 0 0 
221 0 0 3 150 596 0 1 
222 0 0 5 121 594 0 1 
223 0 0 7 92 592 0 1 
224 0 0 9 63 590 1 1 
225 0 0 9 63 590 1 1 
226 0 0 9 63 590 1 0 
227 0 0 8 64 590 1 0 
228 0 0 8 66 590 1 0 
229 0 0 8 68 590 1 0 
230 0 0 8 69 589 1 0 
231 0 0 7 71 590 1 0 
232 0 0 7 73 590 1 0 
233 0 0 7 75 589 1 0 
234 0 0 7 76 589 1 0 
235 0 0 7 78 589 1 0 
236 0 0 6 80 589 1 0 
237 0 0 6 81 589 1 0 
238 0 0 6 83 589 1 0 
239 0 0 6 85 588 1 0 
240 0 0 6 87 588 1 0 
241 0 0 5 88 589 1 0 
242 0 0 5 90 588 1 0 
243 0 0 5 92 588 1 0 
244 0 0 5 93 588 1 0 
245 0 0 4 95 588 1 0 
246 0 0 4 97 588 1 0 
247 0 0 4 99 588 1 0 
248 0 0 4 100 587 1 0 
249 0 0 4 102 587 1 0 
250 0 0 3 104 588 1 0 
251 0 0 3 105 587 1 0 
252 0 0 3 107 587 1 0 
253 0 0 3 109 587 1 0 
254 0 0 3 111 586 1 0 
255 0 0 2 112 587 1 0 
256 0 0 2 114 587 1 0 
257 0 0 2 116 586 1 0 
258 0 0 2 117 586 1 0 
259 0 0 1 119 587 1 0 
260 0 0 1 121 586 1 0 
261 0 0 1 123 586 1 0 
262 0 0 1 124 586 1 0 
263 0 0 1 126 585 1 0 
264 0 0 0 128 586 1 0 
265 0 0 0 129 586 1 0 
266 0 0 0 131 585 1 0 
267 0 0 0 133 585 1 0 
268 0 0 0 135 585 0 1 
269 0 2 1 135 598 0 1 
270 0 1 3 163 596 0 1 
271 0 0 5 192 594 0 1 
272 0 0 7 220 592 0 0 
273 0 0 26 241 573 0 0 
274 0 26 48 249 551 0 0 
275 0 35 56 249 543 0 0 
276 0 76 69 224 530 0 0 
277 0 93 77 207 510 0 0 
278 0 99 77 202 486 0 0 
279 0 117 85 184 472 0 0 
280 0 117 91 184 466 0 0 
281 0 123 102 184 455 0 0 
282 0 123 115 184 442 0 0 
283 0 123 135 184 422 0 0 
284 0 123 141 184 416 0 0 
285 0 123 165 184 392 0 0 
286 0 123 183 184 374 0 0 
287 0 127 191 184 369 0 0 
288 0 127 205 184 355 0 0 
289 0 127 208 184 352 0 0 
290 0 127 211 184 349 0 0 
291 0 127 215 184 345 0 0 
292 0 127 215 169 345 0 0 
293 0 131 214 167 338 0 0 
294 0 135 214 165 330 0 0 
295 0 140 213 163 323 0 0 
296 0 144 213 161 315 0 0 
297 0 149 213 159 308 0 0 
298 0 152 214 159 308 0 0 
299 0 155 215 159 308 0 0 
300 0 158 216 159 308 0 0 
301 0 170 222 144 298 0 0 
302 0 169 221 144 299 0 0 
303 0 169 221 144 299 0 0 
304 0 169 221 144 300 0 0 
305 0 169 221 144 300 0 0 
306 0 169 221 144 300 0 0 
307 0 169 221 144 301 0 0 
308 0 169 221 144 301 0 0 
309 0 169 221 144 301 0 0 
310 0 169 220 144 303 0 0 
311 0 169 220 144 303 0 0 
312 0 169 220 144 303 0 0 
313 0 169 220 144 304 0 0 
314 0 169 220 144 304 0 0 
315 0 169 220 144 304 0 0 
316 0 169 220 144 305 0 0 
317 0 169 220 144 305 0 0 
318 0 169 220 144 306 0 0 
319 0 169 220 144 305 0 0 
320 0 169 220 144 305 0 0 
321 0 169 220 144 305 0 0 
322 0 169 220 144 305 0 0 
323 0 169 220 144 305 0 0 
324 0 169 220 144 305 0 0 
325 0 169 220 144 305 0 0 
326 0 169 220 144 305 0 0 
327 0 169 220 144 305 0 0 
328 0 169 220 144 305 0 0 
329 0 169 220 144 305 0 0 
330 0 169 220 144 305 0 0 
331 0 169 221 144 306 0 0 
332 0 169 219 144 312 0 0 
333 0 169 218 144 318 0 0 
334 0 169 205 144 329 0 0 
335 0 172 191 146 336 0 0 
336 0 175 177 148 343 0 0 
337 0 178 163 151 350 0 0 
338 0 178 145 151 367 0 0 
339 0 178 128 151 384 0 0 
340 0 179 111 151 401 0 0 
341 0 173 101 156 420 0 0 
342 0 168 92 161 438 0 0 
343 0 162 87 162 446 0 0 
344 0 156 82 163 454 0 0 
345 0 150 78 164 461 0 0 
346 0 123 67 176 475 0 0 
347 0 96 56 188 489 0 0 
348 0 70 46 200 503 0 0 
349 0 52 31 200 503 0 0 
350 0 36 21 208 523 0 0 
351 0 20 11 217 543 0 0 
352 0 5 1 225 563 0 0 
353 0 3 0 224 581 0 0 
354 0 1 0 223 599 0 0 
355 0 0 0 222 599 0 0 
356 0 0 0 222 599 0 0 
357 0 0 0 220 599 0 0 
358 0 0 1 219 598 0 0 
359 0 0 2 217 597 0 0 
360 0 0 3 216 596 0 0 
361 0 6 2 216 594 0 0 
362 0 12 1 216 593 0 0 
363 0 18 0 216 592 0 0 
364 0 34 0 231 594 0 0 
365 0 51 0 245 596 0 0 
366 0 68 0 259 599 0 0 
367 0 111 0 259 599 0 0 
368 0 155 1 259 598 0 0 
369 0 242 1 275 598 0 0 
370 0 330 1 291 598 0 0 
371 0 395 0 310 599 0 0 
372 0 461 0 328 599 0 0 
373 0 502 0 290 599 0 0 
374 0 543 0 252 599 0 0 
375 0 584 0 215 599 0 1 
376 0 638 0 161 599 0 1 
377 0 683 0 116 599 0 1 
378 0 728 1 71 598 1 1 
379 0 728 1 71 598 1 0 
380 0 707 13 74 580 1 0 
381 0 686 25 77 562 1 0 
382 0 665 37 81 544 1 0 
383 0 644 49 84 526 1 0 
384 0 623 61 87 508 1 0 
385 0 602 73 91 491 1 0 
386 0 581 85 94 473 1 0 
387 0 560 97 98 455 1 0 
388 0 539 109 101 437 1 0 
389 0 518 121 104 419 1 0 
390 0 497 133 108 401 1 0 
391 0 476 145 111 384 1 0 
392 0 455 157 115 366 1 0 
393 0 434 169 118 348 1 0 
394 0 413 181 121 330 1 0 
395 0 392 193 125 312 1 0 
396 0 371 205 128 294 1 0 
397 0 351 218 131 276 1 0 
