35 0 0 31 119 471
36 0 0 52 145 441
37 0 12 63 157 485
38 0 12 57 177 487
39 0 17 78 193 447
40 0 34 93 205 399
41 0 47 71 207 406
42 0 120 107 138 337
43 0 139 93 128 359
44 0 156 103 121 338
45 0 164 104 125 341
46 0 184 113 119 322
47 0 192 110 116 327
48 0 198 123 122 309
49 0 200 128 124 292
50 0 209 135 116 264
51 0 222 126 103 290
52 0 225 124 101 294
53 0 244 125 87 281
54 0 269 139 65 247
55 0 278 135 54 249
56 0 284 139 50 240
57 0 289 135 52 247
58 0 296 129 55 262
59 0 302 137 51 247
60 0 312 155 70 220
61 0 318 145 61 239
62 0 329 136 49 254
63 0 328 136 46 199
64 0 336 138 42 201
65 0 338 144 46 193
66 0 344 145 45 186
67 0 346 148 46 183
68 0 347 150 50 183
69 0 347 152 54 176
70 0 348 152 53 179
71 0 348 154 55 178
72 0 353 150 58 185
74 0 354 167 71 153
79 0 380 176 61 164
80 0 385 172 57 171
81 0 387 170 55 173
82 0 388 173 54 171
83 0 389 175 53 170
84 0 390 175 54 171
85 0 388 174 60 180
86 0 394 177 60 177
88 0 401 166 54 196
89 0 407 168 62 186
90 0 422 161 63 208
91 0 424 153 61 223
92 0 425 142 66 242
93 0 429 143 77 241
94 0 430 162 85 221
98 0 447 153 101 292
99 0 453 127 115 343
100 0 458 126 118 339
101 0 462 136 119 326
102 0 464 121 124 356
103 0 463 130 138 337
104 0 464 127 143 345
105 0 461 116 151 369
106 0 467 114 142 373
107 0 466 108 137 386
108 0 467 108 131 388
109 0 467 106 130 393
110 0 463 117 135 373
111 0 458 119 137 363
112 0 451 123 144 406
113 0 445 130 155 402
114 0 443 130 158 406
115 0 440 124 162 411
116 0 435 48 167 511
117 0 431 61 172 486
118 0 433 52 170 505
119 0 432 61 177 486
120 0 435 72 180 464
121 0 439 90 183 432
122 0 435 107 201 446
123 0 435 78 202 457
124 0 438 69 198 471
125 0 436 62 204 478
126 0 434 58 208 488
127 0 444 52 226 501
128 0 447 49 219 507
129 0 435 51 204 501
130 0 426 39 213 527
131 0 423 41 215 526
132 0 427 42 205 524
133 0 426 47 206 515
134 0 427 51 200 509
135 0 424 44 196 523
136 0 423 48 194 516
137 0 415 49 201 515
138 0 412 46 205 517
139 0 411 41 209 521
140 0 399 45 189 517
141 0 400 55 178 493
142 0 389 57 194 488
143 0 387 61 199 483
144 0 375 36 208 479
145 0 377 12 150 517
146 0 377 0 137 599
147 0 366 12 138 514
148 0 346 14 134 448
149 0 338 14 140 449
150 0 318 10 145 400
151 0 301 3 144 454
155 0 149 90 244 481
157 0 37 9 290 580
158 0 39 37 295 562
160 0 0 17 294 502
230 0 2 129 62 398
231 0 3 0 132 588
232 0 0 20 192 499
233 0 4 61 192 522
234 0 0 101 222 454
235 0 8 86 221 429
236 0 39 77 188 441
237 0 86 82 149 388
238 0 118 76 110 388
239 0 133 86 105 364
240 0 150 102 108 333
241 0 165 95 105 345
242 0 172 106 97 333
243 0 180 111 98 325
244 0 181 114 109 317
245 0 170 116 133 310
246 0 177 116 141 310
247 0 174 117 145 309
248 0 219 120 104 284
249 0 254 132 92 251
250 0 260 132 85 252
251 0 275 133 77 228
252 0 282 135 68 221
253 0 287 127 69 262
254 0 289 131 65 258
255 0 296 134 60 247
256 0 303 150 52 186
257 0 307 153 69 168
258 0 307 152 68 169
259 0 297 165 70 160
260 0 294 170 73 155
261 0 290 174 75 179
262 0 286 181 76 176
263 0 281 189 87 157
264 0 280 194 90 147
265 0 277 200 93 139
267 0 286 216 80 113
268 0 287 219 78 111
269 0 285 223 74 100
270 0 288 224 65 99
271 0 291 225 62 99
272 0 288 223 60 93
273 0 287 219 61 102
274 0 286 217 62 109
275 0 286 217 61 110
276 0 287 217 61 112
277 0 284 217 64 113
278 0 283 218 66 113
279 0 281 220 68 107
280 0 277 221 73 106
281 0 276 223 72 103
282 0 279 226 69 100
283 0 276 226 70 99
284 0 277 226 69 98
285 0 276 226 70 97
286 0 278 226 70 98
287 0 280 226 69 100
288 0 279 226 69 99
289 0 280 227 68 97
290 0 279 226 69 99
291 0 279 227 68 97
292 0 279 227 68 97
293 0 280 226 66 97
294 0 280 227 66 96
295 0 280 226 67 98
296 0 280 227 66 97
297 0 280 226 66 97
298 0 280 226 66 98
299 0 280 227 65 96
300 0 280 227 66 97
301 0 279 226 67 99
302 0 280 226 66 99
303 0 280 227 66 97
304 0 279 227 67 97
305 0 279 226 67 97
306 0 280 226 66 98
307 0 279 226 68 98
308 0 280 226 67 97
309 0 280 226 66 98
310 0 280 227 66 97
311 0 280 227 67 97
312 0 281 226 65 99
313 0 281 227 66 97
314 0 280 226 66 98
315 0 281 226 65 98
316 0 280 226 66 97
317 0 280 226 66 98
318 0 281 226 65 97
319 0 281 227 65 96
320 0 280 227 66 95
321 0 280 227 66 97
322 0 281 226 66 98
323 0 280 227 65 95
324 0 280 227 66 96
325 0 281 226 65 97
326 0 281 227 66 97
327 0 281 227 65 96
328 0 281 226 65 97
329 0 281 226 65 98
330 0 281 226 65 98
331 0 280 226 66 98
332 0 281 226 66 98
333 0 282 226 66 97
334 0 281 226 66 98
335 0 281 226 67 98
336 0 284 226 65 98
337 0 285 225 65 100
338 0 287 225 63 99
339 0 286 224 62 97
340 0 285 223 61 96
341 0 285 223 60 96
342 0 286 223 61 99
343 0 285 221 62 101
344 0 284 221 63 104
345 0 285 220 63 106
346 0 286 220 63 108
347 0 287 224 62 101
348 0 288 225 62 100
349 0 288 225 65 101
350 0 292 225 67 104
351 0 296 227 68 101
352 0 293 227 72 99
353 0 293 222 78 108
354 0 293 218 81 112
355 0 292 216 79 114
356 0 293 211 80 118
358 0 307 184 69 162
359 0 312 178 61 135
360 0 313 171 58 147
361 0 314 167 56 153
362 0 316 160 60 169
363 0 316 157 61 172
364 0 321 157 60 172
365 0 326 158 58 171
366 0 330 160 57 170
367 0 331 161 61 165
368 0 334 160 59 166
369 0 336 157 55 171
370 0 338 169 50 149
371 0 338 173 52 143
372 0 337 172 55 148
373 0 339 173 54 144
374 0 340 175 55 143
375 0 340 175 57 142
376 0 348 159 50 177
377 0 351 152 47 191
378 0 352 153 47 187
379 0 353 153 54 180
380 0 355 152 53 178
381 0 355 149 54 177
382 0 355 148 57 176
383 0 354 144 62 183
384 0 352 143 67 188
385 0 351 143 71 189
386 0 354 145 69 188
387 0 362 152 65 218
388 0 366 168 65 189
389 0 366 172 70 173
390 0 376 174 68 171
391 0 374 171 74 175
392 0 381 172 65 176
393 0 384 174 63 171
394 0 389 176 59 173
395 0 397 176 57 172
396 0 395 175 62 171
397 0 397 167 61 182
398 0 397 166 62 183
399 0 398 169 63 178
400 0 398 176 63 168
401 0 397 184 67 161
402 0 395 189 72 154
403 0 398 188 75 155
404 0 400 193 84 143
405 0 402 199 87 145
406 0 403 204 93 148
407 0 400 208 96 140
408 0 405 209 93 141
409 0 407 219 94 155
410 0 404 212 93 134
411 0 407 211 92 135
412 0 411 211 90 134
413 0 415 211 83 135
414 0 418 212 81 132
415 0 421 204 75 145
416 0 420 206 78 140
417 0 419 207 80 141
418 0 420 209 80 139
419 0 434 207 66 135
420 0 420 211 80 133
421 0 420 211 80 134
422 0 420 212 80 132
423 0 418 211 82 132
424 0 417 211 85 132
425 0 418 210 84 133
426 0 437 210 67 133
427 0 438 210 68 132
428 0 439 212 69 126
429 0 440 215 69 121
430 0 441 215 68 121
431 0 440 215 68 123
432 0 440 216 69 121
433 0 439 214 71 124
434 0 439 214 69 125
435 0 439 216 69 121
436 0 437 216 69 122
437 0 438 215 68 124
438 0 438 216 70 122
439 0 414 208 91 135
440 0 438 216 70 121
441 0 414 209 91 134
442 0 439 216 69 121
443 0 415 208 90 135
444 0 414 208 91 135
445 0 437 215 70 123
446 0 439 215 69 123
447 0 438 215 69 124
448 0 439 217 69 119
449 0 438 215 69 124
450 0 440 216 68 121
451 0 439 215 68 123
452 0 439 216 68 121
453 0 415 207 90 137
454 0 439 216 70 121
455 0 440 216 69 122
456 0 440 216 69 122
457 0 439 215 68 123
458 0 415 207 89 138
459 0 439 216 68 122
460 0 438 215 69 124
461 0 438 214 70 125
462 0 438 215 69 124
463 0 439 215 68 123
464 0 438 215 69 123
465 0 438 215 70 123
466 0 438 215 68 124
467 0 439 215 67 122
468 0 438 215 70 123
469 0 438 214 68 125
470 0 438 216 68 122
471 0 439 214 68 124
472 0 414 207 90 136
473 0 441 216 67 121
474 0 439 214 69 123
475 0 441 215 66 122
476 0 441 215 67 121
477 0 441 215 66 121
478 0 441 215 66 122
479 0 440 214 66 124
480 0 439 213 66 127
481 0 439 214 69 125
482 0 437 214 70 126
483 0 439 215 70 123
484 0 443 216 66 118
485 0 442 215 70 119
486 0 442 213 67 123
487 0 441 214 68 124
488 0 441 214 69 125
489 0 441 213 67 127
490 0 444 213 63 126
491 0 445 213 61 124
492 0 439 216 66 116
493 0 436 212 68 117
494 0 436 212 67 120
495 0 437 212 68 115
496 0 437 211 66 119
497 0 439 214 65 112
498 0 439 214 65 111
499 0 441 215 65 110
500 0 442 215 66 112
501 0 442 215 67 111
502 0 442 215 67 111
503 0 442 216 67 108
504 0 442 215 66 110
505 0 442 215 67 111
506 0 442 215 67 112
507 0 442 215 67 110
508 0 441 215 68 109
509 0 442 215 67 109
510 0 442 215 67 110
511 0 442 215 67 111
512 0 441 214 68 113
513 0 442 214 68 113
514 0 442 215 68 113
515 0 441 216 69 110
516 0 442 215 67 111
517 0 442 215 68 111
518 0 441 215 69 112
519 0 442 215 68 111
520 0 442 215 69 112
521 0 441 215 69 112
522 0 442 214 68 113
523 0 441 214 69 113
524 0 442 215 68 111
525 0 442 215 67 110
526 0 441 214 68 112
527 0 442 214 67 113
528 0 441 215 69 111
529 0 441 214 68 112
530 0 442 214 67 112
531 0 442 215 68 111
532 0 441 214 68 113
533 0 442 215 67 110
534 0 442 215 69 112
535 0 441 215 68 111
536 0 442 214 68 112
537 0 442 214 67 113
538 0 442 214 67 114
539 0 442 214 68 113
540 0 441 215 69 112
541 0 443 215 68 112
542 0 442 215 68 111
543 0 443 216 68 111
544 0 442 217 68 110
545 0 442 216 68 110
546 0 441 216 67 109
547 0 441 217 69 109
548 0 441 217 69 108
549 0 442 217 68 108
550 0 443 216 67 110
551 0 443 216 68 111
552 0 443 216 67 110
553 0 442 216 68 111
554 0 442 216 68 111
555 0 442 216 69 111
556 0 442 216 69 112
557 0 442 215 69 113
558 0 442 216 68 112
559 0 442 216 69 111
560 0 442 216 68 112
561 0 442 215 69 112
562 0 442 217 67 108
563 0 440 217 68 107
564 0 440 216 67 111
565 0 440 214 66 118
566 0 443 215 66 115
567 0 443 215 68 121
568 0 445 212 63 126
569 0 442 214 66 126
570 0 439 214 69 127
571 0 440 215 71 123
572 0 440 213 68 126
573 0 439 214 66 122
574 0 437 214 67 123
575 0 436 214 67 122
576 0 437 216 65 119
577 0 437 215 65 122
578 0 436 215 65 125
579 0 435 213 65 128
580 0 433 212 67 131
581 0 422 210 74 138
582 0 418 211 77 136
583 0 411 222 83 135
584 0 406 232 92 132
585 0 404 231 92 134
586 0 400 231 92 136
587 0 406 228 83 148
588 0 409 222 80 155
589 0 411 202 76 153
590 0 407 199 75 152
591 0 412 189 71 151
592 0 418 187 66 149
593 0 413 183 66 159
594 0 405 176 66 164
595 0 401 175 63 165
596 0 398 179 64 164
601 0 380 192 58 144
605 0 365 136 39 212
606 0 359 144 47 197
607 0 355 144 52 191
609 0 350 143 49 182
610 0 346 140 46 197
611 0 335 147 49 184
612 0 328 141 47 187
613 0 322 139 45 183
614 0 314 139 55 177
615 0 300 143 57 182
616 0 304 136 47 200
617 0 290 133 57 245
618 0 271 140 69 230
619 0 264 141 73 230
620 0 234 135 105 243
621 0 222 127 115 259
622 0 218 129 104 263
623 0 215 123 98 280
624 0 190 111 117 317
625 0 173 108 130 321
626 0 163 100 130 335
627 0 159 100 116 330
628 0 152 69 124 391
629 0 119 97 136 344
630 0 82 88 163 370
631 0 40 66 192 416
632 0 19 56 198 432
633 0 9 59 206 429
634 0 8 58 187 432
635 0 2 37 190 474
636 0 0 0 139 542
637 0 0 0 124 536
638 0 4 0 103 552
