43 0 187 280 69 168 9.679037
48 0 216 117 89 217 4.634321
111 0 442 150 182 443 10.125138
112 0 453 182 161 393 10.497717
113 0 442 150 182 443 21.431616
114 0 438 247 137 333 23.433784
115 0 424 168 182 433 20.279634
116 0 442 150 182 443 13.324336
117 0 442 168 182 433 7.788311
119 0 424 150 182 443 15.484378
120 0 424 132 182 443 4.399429
121 0 419 33 228 556 5.955291
122 0 419 33 228 556 14.092303
123 0 419 33 228 556 18.379692
124 0 419 33 228 556 16.432764
125 0 419 11 228 556 14.756663
126 0 419 11 228 556 22.428614
127 0 419 11 228 556 15.701586
129 0 419 11 228 556 17.667490
130 0 419 11 228 556 20.749847
131 0 419 11 228 556 19.619444
132 0 419 11 228 556 19.526464
133 0 397 11 228 556 16.904099
136 0 397 11 228 556 15.058940
137 0 397 33 228 556 8.566193
138 0 397 33 228 556 13.210783
139 0 397 33 228 556 12.237936
142 0 478 300 126 301 5.011606
143 0 466 300 126 301 5.511964
145 0 425 260 137 333 8.964734
232 0 31 148 82 200 5.867491
235 0 118 173 58 142 0.346525
436 0 438 260 137 333 1.007023
438 0 438 260 137 333 -0.709785
442 0 438 260 137 333 -0.696350
448 0 438 260 137 333 0.452485
451 0 438 260 137 333 -0.149479
473 0 438 260 137 333 0.723195
486 0 438 260 137 333 -0.613096
487 0 438 260 137 333 2.855756
490 0 438 260 137 333 0.559196
500 0 438 260 137 333 -0.429910
523 0 438 260 137 333 0.185939
569 0 438 260 137 333 1.512507
570 0 438 260 137 333 0.474525
571 0 438 260 137 333 2.448889
572 0 438 260 137 333 2.413676
590 0 430 393 58 142 4.448439
628 0 146 92 126 307 30.555754
629 0 132 87 137 333 45.345982
630 0 100 80 149 365 40.257149
631 0 85 80 149 365 24.764217
632 0 85 80 149 365 16.187004
634 0 52 60 137 333 2.769626
635 0 25 73 137 333 11.693957
