0 0 8 2 70 586 1 0 
1 0 7 2 71 586 1 0 
2 0 7 2 71 586 1 0 
3 0 7 2 71 587 1 0 
4 0 7 2 71 587 1 0 
5 0 6 2 72 587 1 0 
6 0 6 2 72 588 1 0 
7 0 6 2 72 588 1 0 
8 0 6 2 72 588 1 0 
9 0 5 2 73 589 1 0 
10 0 5 2 73 589 1 0 
11 0 5 2 73 589 1 0 
12 0 5 2 73 590 1 0 
13 0 4 2 74 590 1 0 
14 0 4 2 74 590 1 0 
15 0 4 2 74 591 1 0 
16 0 4 2 74 591 1 0 
17 0 3 2 75 591 1 0 
18 0 3 2 75 592 1 0 
19 0 3 2 75 592 1 0 
20 0 3 2 75 592 1 0 
21 0 2 2 76 593 1 0 
22 0 2 2 76 593 1 0 
23 0 2 2 76 593 1 0 
24 0 2 2 76 594 1 0 
25 0 1 2 77 594 1 0 
26 0 1 2 77 594 1 0 
27 0 1 2 77 595 1 0 
28 0 1 2 77 595 1 0 
29 0 0 2 78 595 1 0 
30 0 0 2 78 596 1 0 
31 0 0 2 78 596 1 0 
32 0 0 2 78 597 0 1 
33 0 0 7 98 592 0 1 
34 0 0 13 118 586 0 1 
35 0 0 19 138 580 0 1 
36 0 0 25 159 574 0 1 
37 0 0 39 173 560 0 0 
38 0 15 49 182 532 0 0 
39 0 31 60 190 503 0 0 
40 0 47 70 198 475 0 0 
41 0 63 81 207 447 0 0 
42 0 96 86 174 417 0 0 
43 0 129 92 141 386 0 0 
44 0 143 97 134 376 0 0 
45 0 157 102 128 366 0 0 
46 0 171 107 121 356 0 0 
47 0 185 112 115 347 0 0 
48 0 192 116 115 338 0 0 
49 0 200 121 115 329 0 0 
50 0 207 125 115 321 0 0 
51 0 215 130 115 312 0 0 
52 0 226 130 108 303 0 0 
53 0 237 131 101 293 0 0 
54 0 248 132 95 283 0 0 
55 0 259 133 88 273 0 0 
56 0 270 134 81 263 0 0 
57 0 281 135 75 253 0 0 
58 0 286 135 75 253 0 0 
59 0 291 135 75 253 0 0 
60 0 296 135 75 253 0 0 
61 0 301 135 75 253 0 0 
62 0 306 135 75 253 0 0 
63 0 311 135 75 253 0 0 
64 0 315 135 75 253 0 0 
65 0 319 135 75 253 0 0 
66 0 323 136 75 253 0 0 
67 0 327 136 75 253 0 0 
68 0 331 136 75 253 0 0 
69 0 336 137 75 253 0 0 
70 0 339 137 75 253 0 0 
71 0 342 137 75 253 0 0 
72 0 346 137 75 253 0 0 
73 0 349 137 75 253 0 0 
74 0 353 137 75 253 0 0 
75 0 356 137 75 253 0 0 
76 0 360 138 75 253 0 0 
77 0 362 138 75 251 0 0 
78 0 365 138 75 250 0 0 
79 0 367 139 75 247 0 0 
80 0 370 139 75 246 0 0 
81 0 373 139 75 245 0 0 
82 0 375 140 75 242 0 0 
83 0 378 140 75 241 0 0 
84 0 381 141 75 239 0 0 
85 0 385 139 75 242 0 0 
86 0 390 138 75 244 0 0 
87 0 395 134 75 249 0 0 
88 0 400 130 75 254 0 0 
89 0 405 129 75 256 0 0 
90 0 410 129 75 258 0 0 
91 0 413 125 80 271 0 0 
92 0 417 121 84 285 0 0 
93 0 420 117 89 299 0 0 
94 0 424 114 94 312 0 0 
95 0 429 111 97 321 0 0 
96 0 435 109 99 329 0 0 
97 0 440 107 103 338 0 0 
98 0 446 105 105 346 0 0 
99 0 452 103 108 355 0 0 
100 0 454 99 116 362 0 0 
101 0 456 95 124 369 0 0 
102 0 458 91 132 376 0 0 
103 0 460 87 141 383 0 0 
104 0 458 84 142 395 0 0 
105 0 457 81 142 408 0 0 
106 0 456 79 142 420 0 0 
107 0 455 76 142 433 0 0 
108 0 454 74 142 445 0 0 
109 0 453 71 142 458 0 0 
110 0 452 69 142 470 0 0 
111 0 451 66 142 483 0 0 
112 0 450 64 143 495 0 0 
113 0 444 60 150 507 0 0 
114 0 438 56 158 519 0 0 
115 0 433 52 165 531 0 0 
116 0 427 48 173 543 0 0 
117 0 422 44 180 555 0 0 
118 0 423 38 181 561 0 0 
119 0 425 33 182 566 0 0 
120 0 427 28 183 571 0 0 
121 0 429 22 184 577 0 0 
122 0 431 17 185 582 0 0 
123 0 433 12 186 587 0 0 
124 0 435 7 187 592 0 0 
125 0 431 6 190 593 0 0 
126 0 428 5 193 594 0 0 
127 0 425 4 196 595 0 0 
128 0 422 3 199 596 0 0 
129 0 418 2 202 597 0 0 
130 0 415 1 205 598 0 0 
131 0 412 0 208 599 0 0 
132 0 409 0 211 599 0 0 
133 0 407 0 211 599 0 0 
134 0 406 1 211 598 0 0 
135 0 405 2 211 597 0 0 
136 0 404 3 211 596 0 0 
137 0 403 4 206 595 0 0 
138 0 403 6 200 593 0 0 
139 0 402 8 195 591 0 0 
140 0 402 10 189 589 0 0 
141 0 402 12 183 587 0 0 
142 0 373 15 197 584 0 0 
143 0 344 19 211 580 0 0 
144 0 351 21 195 578 0 0 
145 0 359 24 179 575 0 0 
146 0 343 20 187 579 0 0 
147 0 327 17 195 582 0 0 
148 0 311 13 203 586 0 0 
149 0 295 10 212 589 0 0 
150 0 279 6 220 593 0 0 
151 0 263 3 228 596 0 0 
152 0 247 0 237 599 0 0 
153 0 222 0 237 598 0 0 
154 0 198 0 237 598 0 0 
155 0 173 0 237 598 0 0 
156 0 149 0 237 598 0 0 
157 0 125 0 237 598 0 0 
158 0 95 0 246 598 0 0 
159 0 66 0 254 598 0 0 
160 0 37 0 262 598 0 0 
161 0 8 0 270 599 0 0 
162 0 5 0 241 599 0 0 
163 0 2 0 213 599 0 0 
164 0 0 0 184 599 0 0 
165 0 0 0 143 598 0 0 
166 0 0 0 103 597 0 1 
167 0 0 1 76 597 0 1 
168 0 0 3 50 596 1 1 
169 0 0 3 50 596 1 0 
170 0 0 3 50 596 1 0 
171 0 0 3 51 596 1 0 
172 0 0 3 51 596 1 0 
173 0 0 3 52 596 1 0 
174 0 0 3 52 596 1 0 
175 0 0 3 53 596 1 0 
176 0 0 3 53 596 1 0 
177 0 0 3 54 596 1 0 
178 0 0 3 54 596 1 0 
179 0 0 3 55 596 1 0 
180 0 0 3 56 596 1 0 
181 0 0 3 56 596 1 0 
182 0 0 3 57 596 1 0 
183 0 0 3 57 596 1 0 
184 0 0 3 58 596 1 0 
185 0 0 3 58 596 1 0 
186 0 0 3 59 596 1 0 
187 0 0 3 59 596 1 0 
188 0 0 3 60 596 1 0 
189 0 0 3 61 596 1 0 
190 0 0 3 61 596 1 0 
191 0 0 3 62 596 1 0 
192 0 0 3 62 596 1 0 
193 0 0 3 63 596 1 0 
194 0 0 3 63 596 1 0 
195 0 0 3 64 596 1 0 
196 0 0 3 64 596 1 0 
197 0 0 3 65 596 1 0 
198 0 0 3 65 596 1 0 
199 0 0 3 66 596 1 0 
200 0 0 3 67 596 1 0 
201 0 0 3 67 596 1 0 
202 0 0 3 68 596 1 0 
203 0 0 3 68 596 1 0 
204 0 0 3 69 596 1 0 
205 0 0 3 69 596 1 0 
206 0 0 3 70 596 1 0 
207 0 0 3 70 596 1 0 
208 0 0 3 71 596 1 0 
209 0 0 3 72 596 1 0 
210 0 0 3 72 596 1 0 
211 0 0 3 73 596 1 0 
212 0 0 3 73 596 1 0 
213 0 0 3 74 596 1 0 
214 0 0 3 74 596 1 0 
215 0 0 3 75 596 1 0 
216 0 0 3 75 596 1 0 
217 0 0 3 76 596 1 0 
218 0 0 3 76 596 1 0 
219 0 0 3 77 596 1 0 
220 0 0 3 78 596 1 0 
221 0 0 3 78 596 1 0 
222 0 0 3 79 596 1 0 
223 0 0 3 79 596 1 0 
224 0 0 3 80 596 1 0 
225 0 0 3 80 596 1 0 
226 0 0 3 81 596 1 0 
227 0 0 3 81 596 1 0 
228 0 0 3 82 596 1 0 
229 0 0 3 83 596 0 1 
230 0 0 12 106 572 0 1 
231 0 0 21 130 549 0 1 
232 0 0 31 154 525 0 1 
233 0 0 40 178 501 0 1 
234 0 0 49 202 478 0 1 
235 0 0 59 226 454 0 1 
236 0 42 76 183 438 0 0 
237 0 76 77 150 414 0 0 
238 0 92 81 144 405 0 0 
239 0 108 85 138 396 0 0 
240 0 124 89 133 387 0 0 
241 0 140 93 127 378 0 0 
242 0 157 98 121 369 0 0 
243 0 170 101 117 354 0 0 
244 0 184 105 113 338 0 0 
245 0 197 109 110 322 0 0 
246 0 211 113 106 307 0 0 
247 0 225 117 103 293 0 0 
248 0 234 119 100 284 0 0 
249 0 243 121 97 276 0 0 
250 0 252 123 94 279 0 0 
251 0 262 125 92 277 0 0 
252 0 267 126 92 277 0 0 
253 0 270 128 92 272 0 0 
254 0 273 131 92 267 0 0 
255 0 276 134 92 262 0 0 
256 0 279 137 92 257 0 0 
257 0 283 140 92 252 0 0 
258 0 283 147 92 245 0 0 
259 0 283 155 92 237 0 0 
260 0 283 163 92 229 0 0 
261 0 283 171 92 221 0 0 
262 0 283 177 92 215 0 0 
263 0 283 184 92 208 0 0 
264 0 283 191 92 201 0 0 
265 0 283 198 92 194 0 0 
266 0 283 205 92 187 0 0 
267 0 283 208 90 183 0 0 
268 0 283 212 89 179 0 0 
269 0 283 216 87 175 0 0 
270 0 283 220 86 171 0 0 
271 0 283 224 85 167 0 0 
272 0 281 222 85 167 0 0 
273 0 280 221 85 167 0 0 
274 0 279 220 85 167 0 0 
275 0 278 219 85 167 0 0 
276 0 277 218 85 167 0 0 
277 0 277 217 85 167 0 0 
278 0 277 217 85 167 0 0 
279 0 277 217 85 167 0 0 
280 0 277 217 85 167 0 0 
281 0 277 217 85 167 0 0 
282 0 277 217 85 167 0 0 
283 0 277 217 85 167 0 0 
284 0 277 217 85 167 0 0 
285 0 278 217 85 167 0 0 
286 0 278 217 85 167 0 0 
287 0 278 217 85 167 0 0 
288 0 278 217 85 167 0 0 
289 0 278 217 85 167 0 0 
290 0 278 217 85 167 0 0 
291 0 278 217 85 167 0 0 
292 0 278 217 85 167 0 0 
293 0 279 217 85 167 0 0 
294 0 279 217 85 167 0 0 
295 0 279 217 85 167 0 0 
296 0 279 217 85 167 0 0 
297 0 279 217 85 167 0 0 
298 0 279 217 85 167 0 0 
299 0 279 217 85 167 0 0 
300 0 279 217 85 167 0 0 
301 0 279 217 85 167 0 0 
302 0 280 217 85 167 0 0 
303 0 280 217 85 167 0 0 
304 0 280 217 85 167 0 0 
305 0 280 217 85 167 0 0 
306 0 280 217 85 167 0 0 
307 0 280 217 85 167 0 0 
308 0 280 217 85 167 0 0 
309 0 280 217 85 167 0 0 
310 0 281 217 85 167 0 0 
311 0 281 217 85 167 0 0 
312 0 281 217 85 167 0 0 
313 0 281 217 85 167 0 0 
314 0 281 217 85 167 0 0 
315 0 281 216 85 167 0 0 
316 0 281 216 85 167 0 0 
317 0 281 216 85 167 0 0 
318 0 281 216 85 167 0 0 
319 0 282 216 85 167 0 0 
320 0 282 216 85 167 0 0 
321 0 282 216 85 167 0 0 
322 0 282 216 85 167 0 0 
323 0 282 216 85 167 0 0 
324 0 282 216 85 167 0 0 
325 0 282 216 85 167 0 0 
326 0 282 216 85 167 0 0 
327 0 283 216 85 167 0 0 
328 0 283 216 85 167 0 0 
329 0 283 216 85 167 0 0 
330 0 283 216 85 167 0 0 
331 0 283 216 85 167 0 0 
332 0 283 216 85 167 0 0 
333 0 283 216 85 167 0 0 
334 0 283 216 85 167 0 0 
335 0 283 216 85 167 0 0 
336 0 284 216 85 167 0 0 
337 0 284 216 85 167 0 0 
338 0 284 216 85 167 0 0 
339 0 284 216 85 167 0 0 
340 0 284 216 85 167 0 0 
341 0 284 216 85 167 0 0 
342 0 284 216 85 167 0 0 
343 0 284 216 85 167 0 0 
344 0 285 216 85 167 0 0 
345 0 285 216 85 167 0 0 
346 0 285 216 85 167 0 0 
347 0 285 216 85 167 0 0 
348 0 285 216 85 167 0 0 
349 0 285 216 85 167 0 0 
350 0 285 216 85 167 0 0 
351 0 285 216 85 167 0 0 
352 0 286 216 85 167 0 0 
353 0 289 214 85 167 0 0 
354 0 292 212 85 167 0 0 
355 0 295 210 85 167 0 0 
356 0 295 202 85 175 0 0 
357 0 295 194 85 183 0 0 
358 0 295 186 85 191 0 0 
359 0 297 176 85 201 0 0 
360 0 299 166 85 211 0 0 
361 0 302 157 85 220 0 0 
362 0 305 155 83 220 0 0 
363 0 308 153 82 220 0 0 
364 0 311 151 80 220 0 0 
365 0 314 149 79 220 0 0 
366 0 315 148 79 220 0 0 
367 0 317 148 79 220 0 0 
368 0 319 148 79 220 0 0 
369 0 321 148 79 220 0 0 
370 0 323 148 79 220 0 0 
371 0 325 147 79 220 0 0 
372 0 327 147 79 220 0 0 
373 0 329 147 79 220 0 0 
374 0 331 147 79 220 0 0 
375 0 333 147 79 220 0 0 
376 0 336 147 79 220 0 0 
377 0 338 145 79 220 0 0 
378 0 340 144 79 220 0 0 
379 0 343 143 79 220 0 0 
380 0 345 142 79 220 0 0 
381 0 347 141 79 220 0 0 
382 0 350 140 79 220 0 0 
383 0 350 139 79 220 0 0 
384 0 351 138 79 220 0 0 
385 0 352 137 79 220 0 0 
386 0 353 136 79 220 0 0 
387 0 354 136 79 220 0 0 
388 0 357 137 79 220 0 0 
389 0 361 139 79 220 0 0 
390 0 364 141 79 220 0 0 
391 0 368 143 79 220 0 0 
392 0 372 142 79 223 0 0 
393 0 376 142 79 226 0 0 
394 0 380 141 79 229 0 0 
395 0 385 141 79 232 0 0 
396 0 386 144 79 230 0 0 
397 0 387 147 79 228 0 0 
398 0 388 150 79 226 0 0 
399 0 389 153 79 224 0 0 
400 0 390 156 79 222 0 0 
401 0 392 159 79 221 0 0 
402 0 392 168 79 212 0 0 
403 0 392 177 79 203 0 0 
404 0 392 187 79 193 0 0 
405 0 395 191 79 190 0 0 
406 0 398 196 79 186 0 0 
407 0 401 201 79 182 0 0 
408 0 404 211 79 173 0 0 
409 0 404 212 79 172 0 0 
410 0 404 214 79 170 0 0 
411 0 404 214 81 170 0 0 
412 0 405 214 83 170 0 0 
413 0 405 213 84 172 0 0 
414 0 405 213 85 174 0 0 
415 0 406 213 85 176 0 0 
416 0 406 213 86 177 0 0 
417 0 407 213 87 179 0 0 
418 0 407 212 88 182 0 0 
419 0 407 212 89 183 0 0 
420 0 408 212 89 185 0 0 
421 0 408 212 90 187 0 0 
422 0 409 212 91 189 0 0 
423 0 409 212 91 189 0 0 
424 0 409 213 91 188 0 0 
425 0 409 214 91 187 0 0 
426 0 409 215 91 186 0 0 
427 0 409 216 91 185 0 0 
428 0 409 217 91 184 0 0 
429 0 409 218 91 183 0 0 
430 0 408 217 91 183 0 0 
431 0 408 217 91 183 0 0 
432 0 408 217 91 183 0 0 
433 0 408 217 91 183 0 0 
434 0 408 217 91 183 0 0 
435 0 408 217 91 183 0 0 
436 0 408 217 91 183 0 0 
437 0 408 217 91 183 0 0 
438 0 408 217 91 183 0 0 
439 0 408 217 91 183 0 0 
440 0 408 216 91 184 0 0 
441 0 408 216 91 184 0 0 
442 0 408 216 91 184 0 0 
443 0 408 216 91 184 0 0 
444 0 407 216 91 184 0 0 
445 0 407 216 91 184 0 0 
446 0 407 216 91 184 0 0 
447 0 407 216 91 184 0 0 
448 0 407 216 91 184 0 0 
449 0 407 216 91 184 0 0 
450 0 407 215 91 185 0 0 
451 0 407 215 91 185 0 0 
452 0 407 215 91 185 0 0 
453 0 407 215 91 185 0 0 
454 0 407 215 91 185 0 0 
455 0 407 215 91 185 0 0 
456 0 407 215 91 185 0 0 
457 0 407 215 91 185 0 0 
458 0 407 215 91 185 0 0 
459 0 406 215 91 185 0 0 
460 0 406 214 91 186 0 0 
461 0 406 214 91 186 0 0 
462 0 406 214 91 186 0 0 
463 0 406 214 91 186 0 0 
464 0 406 214 91 186 0 0 
465 0 406 214 91 186 0 0 
466 0 406 214 91 186 0 0 
467 0 406 214 91 186 0 0 
468 0 406 214 91 186 0 0 
469 0 406 214 91 186 0 0 
470 0 406 213 91 187 0 0 
471 0 406 213 91 187 0 0 
472 0 406 213 91 187 0 0 
473 0 405 213 91 187 0 0 
474 0 405 213 91 187 0 0 
475 0 405 213 91 187 0 0 
476 0 405 213 91 187 0 0 
477 0 405 213 91 187 0 0 
478 0 405 213 91 187 0 0 
479 0 405 213 91 187 0 0 
480 0 405 212 91 188 0 0 
481 0 405 212 91 188 0 0 
482 0 405 212 91 188 0 0 
483 0 405 212 91 188 0 0 
484 0 405 212 91 188 0 0 
485 0 405 212 91 188 0 0 
486 0 405 212 91 188 0 0 
487 0 405 212 91 188 0 0 
488 0 404 212 91 188 0 0 
489 0 404 212 91 188 0 0 
490 0 404 211 91 189 0 0 
491 0 404 211 91 189 0 0 
492 0 404 211 91 189 0 0 
493 0 404 211 91 189 0 0 
494 0 404 211 91 189 0 0 
495 0 404 211 91 189 0 0 
496 0 404 211 91 189 0 0 
497 0 404 211 91 189 0 0 
498 0 404 211 91 189 0 0 
499 0 404 211 91 189 0 0 
500 0 404 210 91 190 0 0 
501 0 404 210 91 190 0 0 
502 0 403 210 91 190 0 0 
503 0 403 210 91 190 0 0 
504 0 403 210 91 190 0 0 
505 0 403 210 91 190 0 0 
506 0 403 210 91 190 0 0 
507 0 403 210 91 190 0 0 
508 0 403 210 91 190 0 0 
509 0 403 210 91 190 0 0 
510 0 403 209 91 191 0 0 
511 0 403 209 91 191 0 0 
512 0 403 209 91 191 0 0 
513 0 403 209 91 191 0 0 
514 0 403 209 91 191 0 0 
515 0 403 209 91 191 0 0 
516 0 403 209 91 191 0 0 
517 0 402 209 91 191 0 0 
518 0 402 209 91 191 0 0 
519 0 402 209 91 191 0 0 
520 0 402 208 91 192 0 0 
521 0 402 208 91 192 0 0 
522 0 402 208 91 192 0 0 
523 0 402 208 91 192 0 0 
524 0 402 208 91 192 0 0 
525 0 402 208 91 192 0 0 
526 0 402 208 91 192 0 0 
527 0 402 208 91 192 0 0 
528 0 402 208 91 192 0 0 
529 0 402 208 91 192 0 0 
530 0 402 207 91 193 0 0 
531 0 401 207 91 193 0 0 
532 0 401 207 91 193 0 0 
533 0 401 207 91 193 0 0 
534 0 401 207 91 193 0 0 
535 0 401 207 91 193 0 0 
536 0 401 207 91 193 0 0 
537 0 401 207 91 193 0 0 
538 0 401 207 91 193 0 0 
539 0 401 207 91 193 0 0 
540 0 401 206 91 194 0 0 
541 0 401 206 91 194 0 0 
542 0 401 206 91 194 0 0 
543 0 401 206 91 194 0 0 
544 0 401 206 91 194 0 0 
545 0 401 206 91 194 0 0 
546 0 400 206 91 194 0 0 
547 0 400 206 91 194 0 0 
548 0 400 206 91 194 0 0 
549 0 400 206 91 194 0 0 
550 0 400 205 91 195 0 0 
551 0 400 205 91 195 0 0 
552 0 400 205 91 195 0 0 
553 0 400 205 91 195 0 0 
554 0 400 205 91 195 0 0 
555 0 400 205 91 195 0 0 
556 0 400 205 91 195 0 0 
557 0 400 205 91 195 0 0 
558 0 400 205 91 195 0 0 
559 0 400 205 91 195 0 0 
560 0 399 204 91 196 0 0 
561 0 399 204 91 196 0 0 
562 0 399 204 91 196 0 0 
563 0 399 204 91 196 0 0 
564 0 399 204 91 196 0 0 
565 0 399 204 91 196 0 0 
566 0 399 204 91 196 0 0 
567 0 399 204 91 196 0 0 
568 0 399 204 91 196 0 0 
569 0 399 204 91 196 0 0 
570 0 399 203 91 197 0 0 
571 0 399 203 91 197 0 0 
572 0 399 203 91 197 0 0 
573 0 399 203 91 197 0 0 
574 0 399 203 91 197 0 0 
575 0 398 203 91 197 0 0 
576 0 398 203 91 197 0 0 
577 0 398 203 91 197 0 0 
578 0 398 203 91 197 0 0 
579 0 398 203 91 197 0 0 
580 0 398 202 91 198 0 0 
581 0 398 202 91 198 0 0 
582 0 398 202 91 198 0 0 
583 0 398 202 91 198 0 0 
584 0 398 202 91 198 0 0 
585 0 398 202 91 198 0 0 
586 0 398 202 91 198 0 0 
587 0 398 202 91 198 0 0 
588 0 398 202 91 198 0 0 
589 0 398 202 91 198 0 0 
590 0 398 191 91 209 0 0 
591 0 398 181 91 219 0 0 
592 0 398 171 91 229 0 0 
593 0 398 161 91 239 0 0 
594 0 393 158 91 239 0 0 
595 0 388 156 91 239 0 0 
596 0 383 154 91 239 0 0 
597 0 379 152 91 239 0 0 
598 0 376 150 87 237 0 0 
599 0 374 148 83 235 0 0 
600 0 371 146 79 233 0 0 
601 0 369 144 75 231 0 0 
602 0 367 143 71 228 0 0 
603 0 359 143 71 224 0 0 
604 0 351 144 71 220 0 0 
605 0 348 144 71 224 0 0 
606 0 345 144 71 228 0 0 
607 0 337 146 71 213 0 0 
608 0 333 145 71 218 0 0 
609 0 330 144 71 223 0 0 
610 0 327 144 71 228 0 0 
611 0 319 141 72 235 0 0 
612 0 311 139 74 241 0 0 
613 0 304 137 74 247 0 0 
614 0 296 135 76 253 0 0 
615 0 289 133 77 260 0 0 
616 0 280 131 80 264 0 0 
617 0 272 130 82 268 0 0 
618 0 263 128 85 273 0 0 
619 0 255 127 88 277 0 0 
620 0 245 123 92 285 0 0 
621 0 235 120 96 293 0 0 
622 0 225 117 100 301 0 0 
623 0 215 114 104 309 0 0 
624 0 205 111 109 317 0 0 
625 0 191 104 109 333 0 0 
626 0 177 98 109 348 0 0 
627 0 163 92 109 363 0 0 
628 0 150 86 109 379 0 0 
629 0 124 79 126 400 0 0 
630 0 99 73 142 421 0 0 
631 0 74 66 158 443 0 0 
632 0 49 60 174 464 0 0 
633 0 36 45 173 479 0 0 
634 0 24 30 171 495 0 0 
635 0 12 15 169 510 0 0 
636 0 0 0 168 526 0 1 
637 0 0 0 138 550 0 1 
638 0 0 0 109 574 0 1 
639 0 0 0 80 599 0 1 
640 0 0 1 54 598 0 1 
641 0 0 2 28 597 1 1 
642 0 0 2 28 597 1 1 
643 0 9 4 30 592 1 1 
644 0 18 6 32 587 1 1 
645 0 28 8 33 582 1 1 
646 0 37 10 35 577 1 1 
647 0 47 12 36 572 1 1 
648 0 56 14 38 567 1 1 
649 0 65 16 40 562 1 1 
650 0 75 18 41 557 1 1 
651 0 84 20 43 552 1 1 
652 0 94 23 44 546 1 1 
653 0 103 25 46 541 1 1 
654 0 113 27 48 536 1 1 
655 0 122 29 50 531 1 1 
656 0 131 31 52 526 1 1 
657 0 141 33 53 521 1 1 
658 0 150 35 55 517 1 1 
659 0 160 37 56 512 1 1 
660 0 169 39 58 507 1 1 
661 0 178 41 60 502 1 1 
662 0 188 44 61 496 1 1 
663 0 197 46 63 491 1 1 
664 0 207 48 64 486 1 1 
665 0 216 50 66 481 1 1 
666 0 226 52 68 476 1 1 
667 0 235 54 70 471 1 1 
668 0 244 56 72 466 1 1 
669 0 254 58 73 461 1 1 
670 0 263 60 75 456 1 1 
671 0 273 63 76 450 1 1 
672 0 282 65 78 445 1 1 
673 0 291 67 80 440 1 1 
674 0 301 69 81 436 1 1 
675 0 310 71 83 431 1 1 
676 0 320 73 84 426 1 1 
677 0 329 75 86 421 1 1 
678 0 339 77 88 416 1 1 
679 0 348 79 90 411 1 1 
680 0 357 81 92 406 1 1 
681 0 367 84 93 400 1 1 
682 0 376 86 95 395 1 1 
683 0 386 88 96 390 1 1 
684 0 395 90 98 385 1 1 
685 0 404 92 100 380 1 1 
686 0 414 94 101 375 1 1 
687 0 423 96 103 370 1 1 
688 0 433 98 104 365 1 1 
689 0 442 100 106 360 1 1 
690 0 452 103 108 355 1 0 
