36 0 11 25 217 490
37 0 6 19 184 551
38 0 11 16 200 567
39 0 14 14 218 555
42 0 125 77 125 278
43 0 136 93 126 354
44 0 155 104 123 318
45 0 167 97 129 328
46 0 163 118 142 264
47 0 187 120 128 283
48 0 196 124 126 297
49 0 196 129 122 279
50 0 202 116 121 284
51 0 218 122 105 271
52 0 208 130 116 271
53 0 249 127 79 227
54 0 275 138 54 193
55 0 279 133 57 233
56 0 276 128 57 246
57 0 286 135 59 228
58 0 285 141 58 219
59 0 294 140 57 212
60 0 295 134 58 215
61 0 311 128 59 222
62 0 310 139 56 215
63 0 320 150 52 168
64 0 323 145 52 185
65 0 325 159 56 168
66 0 336 155 56 193
67 0 335 155 64 189
68 0 330 145 57 185
69 0 336 155 58 169
70 0 339 128 72 210
71 0 345 148 59 185
72 0 343 151 77 175
73 0 346 174 83 149
79 0 370 173 72 204
80 0 377 187 66 172
81 0 375 178 83 190
89 0 396 155 99 204
90 0 410 165 82 197
91 0 404 167 103 209
92 0 413 152 92 279
93 0 414 155 88 263
94 0 423 154 109 275
95 0 421 166 107 239
96 0 419 166 131 249
97 0 428 158 138 263
98 0 447 118 116 289
99 0 446 142 124 277
100 0 449 135 129 304
101 0 461 125 122 297
102 0 458 110 132 350
103 0 471 100 112 340
104 0 458 109 149 333
105 0 460 79 153 369
106 0 465 88 153 369
107 0 467 89 150 353
108 0 470 89 144 382
109 0 456 101 151 347
110 0 460 101 143 361
111 0 440 106 160 363
112 0 440 87 165 410
113 0 430 79 170 420
114 0 436 57 169 435
115 0 438 50 162 450
116 0 423 33 182 475
117 0 428 29 175 472
118 0 433 27 181 474
119 0 421 37 189 444
120 0 425 35 193 467
121 0 417 26 215 508
122 0 423 25 210 526
123 0 427 0 215 575
124 0 425 14 219 551
125 0 418 16 226 545
126 0 407 8 245 558
127 0 402 10 262 574
128 0 432 11 234 550
129 0 412 21 239 568
130 0 409 6 257 549
131 0 412 7 257 574
132 0 415 8 232 570
133 0 416 4 213 562
134 0 416 5 216 563
135 0 413 1 201 552
136 0 414 7 217 588
137 0 402 12 215 573
138 0 398 14 202 558
139 0 396 9 203 575
140 0 399 6 194 579
141 0 390 18 187 567
142 0 384 22 172 551
143 0 390 25 169 544
144 0 372 47 178 409
144 1 391 28 69 95
145 0 377 27 152 471
146 0 378 35 131 532
147 0 321 29 202 560
148 0 315 33 196 566
149 0 305 28 227 553
150 0 316 19 146 465
151 0 257 17 262 557
152 0 254 0 214 591
153 0 216 0 247 593
155 0 158 15 286 571
156 0 117 0 246 594
157 0 43 7 316 565
234 0 3 9 198 531
235 0 5 53 223 464
236 0 55 79 161 394
237 0 73 82 141 335
238 0 107 88 122 276
239 0 134 84 106 279
240 0 149 89 94 283
241 0 155 104 99 301
242 0 157 112 118 348
243 0 162 101 127 336
244 0 174 121 118 305
245 0 182 103 108 325
246 0 177 123 142 283
247 0 186 119 130 301
248 0 192 122 125 294
249 0 218 135 116 256
250 0 242 136 95 231
251 0 263 135 88 216
252 0 276 131 70 218
253 0 288 124 62 234
254 0 293 133 59 224
255 0 300 146 57 182
256 0 304 147 56 168
257 0 304 151 59 205
258 0 302 152 74 204
259 0 299 163 77 162
260 0 283 164 93 169
261 0 278 179 99 157
262 0 277 180 101 151
263 0 263 192 123 144
264 0 261 196 127 135
265 0 252 205 132 138
266 0 268 203 104 142
267 0 251 222 124 135
268 0 242 221 121 139
269 0 291 226 73 106
270 0 280 229 69 89
271 0 274 225 89 84
272 0 267 229 83 78
273 0 269 226 71 78
274 0 274 211 80 98
275 0 268 221 72 89
276 0 269 216 79 101
277 0 266 221 72 91
278 0 269 227 75 96
279 0 253 231 98 94
280 0 228 233 108 95
281 0 218 232 113 107
282 0 225 232 102 116
283 0 221 234 126 106
284 0 221 234 112 107
285 0 219 233 110 113
286 0 222 232 110 114
287 0 227 232 107 108
288 0 227 233 106 108
289 0 222 230 110 116
290 0 222 233 107 113
291 0 216 236 130 116
292 0 223 233 104 108
293 0 219 238 128 105
294 0 225 242 119 100
295 0 220 239 124 111
296 0 220 240 124 109
297 0 223 242 120 102
298 0 219 240 124 105
299 0 221 241 120 101
300 0 221 241 122 103
301 0 222 242 119 102
302 0 221 240 121 104
303 0 220 241 122 101
304 0 221 242 120 97
305 0 222 241 119 101
306 0 221 241 122 98
307 0 221 239 124 98
308 0 223 241 121 100
309 0 224 241 118 100
310 0 220 240 124 99
311 0 223 239 119 103
312 0 224 242 118 100
313 0 221 240 123 104
314 0 221 239 122 103
315 0 220 239 122 103
316 0 222 242 121 102
317 0 223 239 122 103
318 0 223 240 120 97
319 0 223 242 121 104
320 0 221 241 124 104
321 0 223 239 121 107
322 0 222 240 120 106
323 0 223 241 118 101
324 0 222 242 120 102
325 0 220 240 122 101
326 0 221 241 120 102
327 0 223 240 120 101
328 0 221 238 123 114
329 0 231 233 100 119
330 0 234 227 99 125
331 0 241 223 94 121
332 0 222 231 107 102
333 0 242 226 88 122
334 0 245 226 88 120
335 0 236 226 95 127
336 0 238 227 94 126
337 0 234 229 100 116
338 0 217 232 127 113
339 0 229 231 115 111
340 0 233 223 115 112
341 0 259 231 87 81
342 0 264 233 65 81
343 0 262 231 70 81
344 0 260 229 82 84
345 0 266 225 80 83
346 0 268 224 81 80
347 0 271 233 78 73
348 0 272 233 80 73
349 0 291 231 59 78
350 0 283 235 77 82
351 0 284 230 83 95
352 0 294 225 68 92
353 0 294 227 64 104
354 0 290 220 73 106
355 0 286 215 84 116
356 0 291 204 88 119
357 0 270 207 111 125
358 0 297 183 78 158
359 0 300 181 84 149
360 0 296 181 77 146
361 0 322 164 53 148
362 0 320 175 60 142
363 0 327 168 53 152
364 0 319 161 60 167
365 0 329 160 58 171
366 0 332 166 58 167
367 0 331 172 58 156
368 0 329 167 61 169
369 0 334 167 60 165
370 0 327 165 63 163
376 0 339 156 61 163
377 0 344 157 57 163
378 0 349 157 51 156
379 0 343 160 64 154
380 0 345 163 60 155
381 0 347 158 63 150
382 0 355 144 60 160
383 0 355 151 62 168
384 0 349 154 74 162
385 0 359 169 63 170
386 0 360 163 64 191
387 0 368 165 60 198
388 0 367 171 76 183
389 0 355 154 86 227
390 0 374 185 64 173
391 0 360 179 86 171
392 0 384 188 62 185
393 0 383 174 76 175
394 0 379 179 82 157
395 0 388 161 70 217
396 0 383 174 83 185
397 0 394 164 72 230
398 0 387 175 92 167
399 0 388 188 94 150
400 0 393 184 92 139
401 0 402 201 78 145
402 0 402 193 78 137
403 0 403 198 84 139
404 0 393 203 95 118
405 0 400 205 87 134
406 0 403 201 85 144
407 0 401 213 89 134
408 0 398 203 103 145
409 0 394 213 112 131
410 0 400 215 106 141
411 0 405 212 90 144
412 0 397 213 121 153
413 0 410 213 87 142
414 0 412 213 90 143
415 0 411 205 95 155
416 0 406 206 101 169
417 0 407 198 111 148
418 0 422 205 89 146
419 0 411 214 104 138
420 0 402 204 122 153
421 0 420 202 89 147
422 0 404 218 107 136
423 0 412 218 96 129
424 0 405 218 106 131
425 0 401 222 110 126
426 0 389 219 149 127
427 0 389 219 147 130
428 0 412 215 105 141
429 0 402 231 112 114
430 0 403 210 120 152
431 0 421 224 95 133
432 0 394 226 156 141
433 0 418 222 96 130
434 0 399 224 123 136
435 0 401 225 122 135
436 0 399 225 123 133
437 0 398 225 125 135
438 0 398 226 126 125
439 0 399 224 124 135
440 0 400 224 125 137
441 0 398 224 126 136
442 0 397 232 123 113
443 0 399 226 126 122
444 0 400 225 122 122
445 0 399 225 124 134
446 0 399 226 128 125
447 0 397 225 128 136
448 0 416 229 97 119
449 0 399 226 128 124
450 0 399 225 126 124
451 0 418 230 97 122
452 0 400 225 128 123
453 0 399 226 127 123
454 0 410 221 108 133
455 0 397 225 128 123
456 0 399 226 128 125
457 0 410 218 108 136
458 0 399 226 127 125
459 0 419 231 95 119
460 0 400 226 127 124
461 0 398 225 124 136
462 0 401 226 125 123
463 0 399 226 124 124
464 0 398 225 129 123
465 0 417 231 97 118
466 0 399 225 125 135
467 0 399 226 129 124
468 0 397 226 131 126
469 0 400 226 126 124
470 0 400 226 123 134
471 0 399 226 127 126
472 0 396 225 129 138
473 0 400 224 121 133
474 0 400 225 124 134
475 0 400 225 124 135
476 0 399 225 123 137
477 0 399 224 126 138
478 0 401 222 124 138
479 0 398 232 117 115
480 0 386 224 151 132
481 0 395 228 138 126
482 0 388 224 151 130
483 0 408 236 123 113
484 0 436 218 82 141
485 0 432 221 75 135
486 0 438 224 73 127
487 0 429 236 89 127
488 0 448 228 69 113
489 0 442 226 76 106
490 0 447 226 70 106
491 0 433 228 83 121
492 0 416 223 100 114
493 0 418 226 108 127
494 0 432 222 84 121
495 0 411 216 118 127
496 0 425 222 97 124
497 0 410 216 118 131
498 0 407 217 120 133
499 0 409 218 114 120
500 0 405 219 120 120
501 0 409 219 116 119
502 0 408 219 115 116
503 0 408 217 120 135
504 0 422 232 102 116
505 0 422 231 99 117
506 0 419 230 103 119
507 0 407 218 119 116
508 0 407 218 120 132
509 0 407 217 123 135
510 0 409 219 117 115
511 0 409 217 120 135
512 0 421 231 99 111
513 0 413 219 113 115
514 0 416 221 111 115
515 0 422 231 94 109
516 0 414 220 112 116
517 0 412 219 115 115
518 0 413 219 115 118
519 0 412 219 114 116
520 0 415 220 112 116
521 0 413 220 113 114
522 0 412 219 116 117
523 0 412 220 115 117
524 0 420 231 97 108
525 0 417 222 113 137
526 0 425 223 103 128
527 0 408 222 148 127
528 0 411 219 116 116
529 0 407 220 146 133
530 0 407 221 147 130
531 0 412 218 116 132
532 0 412 220 112 114
533 0 411 217 119 132
534 0 412 219 116 116
535 0 411 217 119 132
536 0 411 218 117 116
537 0 419 230 100 112
538 0 416 218 111 116
539 0 414 217 113 122
540 0 422 219 103 129
541 0 423 219 100 127
542 0 424 219 101 125
543 0 423 218 105 128
544 0 417 218 113 119
545 0 422 223 97 122
546 0 413 217 114 118
547 0 413 217 118 120
548 0 414 218 115 122
549 0 416 219 112 119
550 0 426 220 102 130
551 0 417 218 112 120
552 0 424 218 103 132
553 0 415 218 113 120
554 0 423 232 98 117
555 0 414 218 114 120
556 0 415 217 116 125
557 0 422 230 99 121
558 0 417 219 112 119
559 0 422 231 98 120
560 0 417 218 113 119
561 0 416 219 113 118
562 0 421 218 105 128
563 0 424 217 105 129
564 0 445 222 67 122
565 0 435 223 77 116
566 0 422 221 90 135
567 0 437 222 76 128
568 0 432 227 90 158
569 0 431 223 86 130
570 0 431 227 102 126
571 0 439 222 82 126
572 0 439 227 79 120
573 0 433 224 82 134
574 0 431 224 82 130
575 0 434 222 83 131
576 0 442 218 64 137
577 0 435 225 82 118
578 0 429 222 92 127
579 0 437 223 68 124
580 0 421 222 79 129
581 0 424 224 83 132
582 0 417 219 91 138
583 0 406 217 94 147
584 0 407 223 101 151
585 0 397 220 94 143
586 0 406 223 82 145
587 0 391 226 102 127
588 0 399 224 89 123
589 0 399 211 86 134
590 0 410 200 72 150
591 0 400 198 86 136
592 0 401 199 84 125
593 0 411 197 78 129
594 0 409 180 68 140
595 0 405 180 65 157
596 0 391 187 74 168
598 0 390 185 61 153
599 0 396 189 55 148
608 0 327 157 82 181
609 0 343 154 55 195
610 0 338 140 57 197
611 0 338 144 66 207
612 0 332 143 57 200
613 0 326 141 49 181
614 0 309 136 62 188
615 0 306 141 61 184
616 0 301 137 60 208
617 0 297 124 59 225
618 0 252 120 106 244
619 0 263 132 74 216
620 0 226 129 111 275
621 0 214 121 120 282
622 0 204 116 125 315
623 0 188 120 128 306
624 0 183 111 138 320
625 0 164 113 153 319
626 0 156 93 149 331
627 0 148 103 145 322
628 0 147 90 134 343
629 0 130 75 141 319
630 0 106 76 150 362
631 0 82 56 150 393
632 0 69 65 156 440
633 0 19 40 216 494
634 0 7 44 221 466
