0 0 614 2 182 596 1 0 
0 1 317 53 162 535 0 0 
1 0 614 1 182 597 1 0 
1 1 317 52 162 535 0 0 
2 0 614 1 182 597 1 0 
2 1 317 52 162 535 0 0 
3 0 614 1 182 597 1 0 
3 1 317 51 162 536 0 0 
4 0 614 1 182 597 1 0 
4 1 317 51 162 536 0 0 
5 0 614 1 182 597 1 0 
5 1 317 51 162 536 0 0 
6 0 614 1 182 597 1 0 
6 1 317 50 162 537 0 0 
7 0 614 1 182 597 1 0 
7 1 317 50 162 537 0 0 
8 0 614 1 182 597 1 0 
8 1 317 50 162 537 0 0 
9 0 614 1 182 597 1 0 
9 1 317 49 162 538 0 0 
10 0 614 1 182 597 1 0 
10 1 317 49 162 538 0 0 
11 0 614 1 182 597 1 0 
11 1 317 49 162 538 0 0 
12 0 614 1 182 597 1 0 
12 1 317 48 162 539 0 0 
13 0 614 1 182 597 1 0 
13 1 317 48 162 539 0 0 
14 0 614 1 182 597 1 0 
14 1 317 48 162 539 0 0 
15 0 614 1 182 597 1 0 
15 1 317 47 162 540 0 0 
16 0 614 1 182 597 1 0 
16 1 317 47 162 540 0 0 
17 0 614 1 182 597 1 0 
17 1 317 46 162 541 0 0 
18 0 614 1 182 597 1 0 
18 1 317 46 162 541 0 0 
19 0 614 1 182 597 1 0 
19 1 317 46 162 541 0 0 
20 0 614 1 182 597 1 0 
20 1 317 45 162 542 0 0 
21 0 614 1 182 597 1 0 
21 1 317 45 162 542 0 0 
22 0 614 1 182 597 1 0 
22 1 317 45 162 542 0 0 
23 0 614 1 182 597 1 0 
23 1 317 44 162 543 0 0 
24 0 614 1 182 597 1 0 
24 1 317 44 162 543 0 0 
25 0 614 1 182 597 1 0 
25 1 317 44 162 543 0 0 
26 0 614 1 182 597 1 0 
26 1 317 43 162 544 0 0 
27 0 614 1 182 597 1 0 
27 1 317 43 162 544 0 0 
28 0 614 1 182 597 1 0 
28 1 317 43 162 544 0 0 
29 0 614 1 182 597 1 0 
29 1 317 42 162 544 0 0 
30 0 614 1 182 597 1 0 
30 1 317 42 162 544 0 0 
31 0 614 1 182 597 1 0 
31 1 317 41 162 544 0 0 
32 0 614 1 182 597 1 0 
32 1 317 41 162 544 0 0 
33 0 614 1 182 597 1 0 
33 1 317 40 162 544 0 0 
34 0 614 1 182 597 1 0 
34 1 317 40 162 544 0 0 
35 0 614 1 182 597 1 0 
35 1 317 40 162 544 0 0 
36 0 614 1 182 597 1 0 
36 1 317 39 162 544 0 0 
37 0 614 1 182 597 1 0 
37 1 317 39 162 544 0 0 
38 0 614 1 182 597 1 0 
38 1 317 38 162 544 0 0 
39 0 614 1 182 597 1 0 
39 1 317 38 162 544 0 0 
40 0 614 1 182 597 1 0 
40 1 317 38 162 544 0 0 
41 0 614 1 182 597 1 0 
41 1 317 37 162 544 0 0 
42 0 614 1 182 597 1 0 
42 1 317 37 162 544 0 0 
43 0 614 1 182 597 1 0 
43 1 317 36 162 544 0 0 
44 0 614 1 182 597 1 0 
44 1 317 36 162 544 0 0 
45 0 614 1 182 597 1 0 
45 1 317 36 162 544 0 0 
46 0 614 1 182 597 1 0 
46 1 318 37 162 541 0 0 
47 0 614 1 182 597 1 0 
47 1 320 38 162 539 0 0 
48 0 614 1 182 597 1 0 
48 1 322 39 162 536 0 0 
49 0 614 1 182 597 1 0 
49 1 324 40 162 534 0 0 
50 0 614 1 182 597 1 0 
50 1 325 41 162 531 0 0 
51 0 614 1 182 597 1 0 
51 1 327 42 162 529 0 0 
52 0 614 1 182 597 1 0 
52 1 329 43 162 526 0 0 
53 0 614 1 182 597 1 0 
53 1 331 45 162 523 0 0 
54 0 614 1 182 597 1 0 
54 1 329 45 162 521 0 0 
55 0 614 1 182 597 1 0 
55 1 328 44 163 521 0 0 
56 0 614 1 182 597 1 0 
56 1 327 44 165 521 0 0 
57 0 614 1 182 597 1 0 
57 1 326 43 165 521 0 0 
58 0 614 1 182 597 1 0 
58 1 326 43 165 521 0 0 
59 0 614 1 182 597 1 0 
59 1 326 43 165 521 0 0 
60 0 614 1 182 597 1 0 
60 1 326 43 165 521 0 0 
61 0 614 1 182 597 1 0 
61 1 326 43 165 521 0 0 
62 0 614 1 182 597 1 0 
62 1 326 43 165 521 0 0 
63 0 614 1 182 597 1 0 
63 1 326 43 165 521 0 0 
64 0 614 1 182 597 1 0 
64 1 326 43 165 521 0 0 
65 0 614 1 182 597 1 0 
65 1 326 43 165 521 0 0 
66 0 614 1 182 597 1 0 
66 1 326 43 165 521 0 0 
67 0 614 1 182 597 1 0 
67 1 326 43 165 521 0 0 
68 0 614 1 182 597 1 0 
68 1 326 43 165 521 0 0 
69 0 614 1 182 597 1 0 
69 1 326 43 165 521 0 0 
70 0 614 1 182 597 1 0 
70 1 326 42 165 521 0 0 
71 0 614 1 182 597 1 0 
71 1 326 42 165 521 0 0 
72 0 614 1 182 597 1 0 
72 1 326 42 165 521 0 0 
73 0 614 1 182 597 1 0 
73 1 326 42 165 521 0 0 
74 0 614 1 182 597 1 0 
74 1 326 42 164 521 0 0 
75 0 614 1 182 597 1 0 
75 1 326 42 164 521 0 0 
76 0 614 1 182 597 1 0 
76 1 326 42 164 521 0 0 
77 0 614 1 182 597 1 0 
77 1 326 42 164 521 0 0 
78 0 614 1 182 597 1 0 
78 1 326 42 164 521 0 0 
79 0 614 1 182 597 1 0 
79 1 326 42 164 521 0 0 
80 0 614 1 182 597 1 0 
80 1 326 42 164 521 0 0 
81 0 614 1 182 597 1 0 
81 1 326 42 164 521 0 0 
82 0 614 1 182 597 1 0 
82 1 326 42 164 521 0 0 
83 0 614 1 182 597 1 0 
83 1 326 42 164 521 0 0 
84 0 614 1 182 597 1 0 
84 1 326 41 164 521 0 0 
85 0 614 1 182 597 1 0 
85 1 326 41 164 521 0 0 
86 0 614 1 182 597 1 0 
86 1 326 41 164 521 0 0 
87 0 614 1 182 597 1 0 
87 1 326 41 164 521 0 0 
88 0 614 1 182 597 1 0 
88 1 326 41 164 521 0 0 
89 0 614 1 182 597 1 0 
89 1 326 41 164 521 0 0 
90 0 614 1 182 597 1 0 
90 1 326 41 164 521 0 0 
91 0 614 1 182 597 1 0 
91 1 326 41 163 521 0 0 
92 0 614 1 182 597 1 0 
92 1 326 41 163 521 0 0 
93 0 614 1 182 597 1 0 
93 1 326 41 163 521 0 0 
94 0 614 1 182 597 1 0 
94 1 326 41 163 521 0 0 
95 0 614 1 182 597 1 0 
95 1 326 41 163 521 0 0 
96 0 614 1 182 597 1 0 
96 1 326 41 163 521 0 0 
97 0 614 1 182 597 1 0 
97 1 326 40 163 521 0 0 
98 0 614 1 182 597 1 0 
98 1 326 40 163 521 0 0 
99 0 614 1 182 597 1 0 
99 1 326 40 163 521 0 0 
100 0 614 1 182 597 1 0 
100 1 326 40 163 521 0 0 
101 0 614 1 182 597 1 0 
101 1 326 40 163 521 0 0 
102 0 614 1 182 597 1 0 
102 1 326 40 163 521 0 0 
103 0 614 1 182 597 1 0 
103 1 326 40 163 521 0 0 
104 0 614 1 182 597 1 0 
104 1 326 40 163 521 0 0 
105 0 614 1 182 597 1 0 
105 1 326 40 163 521 0 0 
106 0 614 1 182 597 1 0 
106 1 326 40 163 521 0 0 
107 0 614 1 182 597 1 0 
107 1 326 40 163 521 0 0 
108 0 614 1 182 597 1 0 
108 1 326 40 162 521 0 0 
109 0 614 1 182 597 1 0 
109 1 326 40 162 521 0 0 
110 0 614 1 182 597 1 0 
110 1 326 40 162 521 0 0 
111 0 614 1 182 597 1 0 
111 1 326 39 162 521 0 0 
112 0 614 1 182 597 1 0 
112 1 326 39 162 521 0 0 
113 0 614 1 182 597 1 0 
113 1 326 39 162 521 0 0 
114 0 614 1 182 597 1 0 
114 1 326 39 162 521 0 0 
115 0 614 1 182 597 1 0 
115 1 326 39 162 521 0 0 
116 0 614 1 182 597 1 0 
116 1 326 39 162 521 0 0 
117 0 614 1 182 597 1 0 
117 1 326 39 162 521 0 0 
118 0 614 1 182 597 1 0 
118 1 326 39 162 521 0 0 
119 0 614 1 182 597 1 0 
119 1 326 39 162 521 0 0 
120 0 614 1 182 597 1 0 
120 1 326 39 162 521 0 0 
121 0 614 1 182 597 1 0 
121 1 326 39 162 521 0 0 
122 0 614 1 182 597 1 0 
122 1 326 39 162 521 0 0 
123 0 614 1 182 597 1 0 
123 1 326 39 162 521 0 0 
124 0 614 1 182 597 1 0 
124 1 326 39 162 521 0 0 
125 0 614 1 182 597 1 0 
125 1 323 35 164 528 0 0 
126 0 614 1 182 597 1 0 
126 1 320 31 166 536 0 0 
127 0 614 1 182 597 1 0 
127 1 317 28 168 542 0 0 
128 0 614 1 182 597 1 0 
128 1 314 24 170 550 0 0 
129 0 614 1 182 597 1 0 
129 1 311 21 172 556 0 0 
130 0 614 1 182 597 1 0 
130 1 309 17 173 564 0 0 
131 0 614 1 182 597 1 0 
131 1 306 14 175 570 0 0 
132 0 614 1 182 597 1 0 
132 1 303 10 177 578 0 0 
133 0 614 1 182 597 1 0 
133 1 300 7 179 584 0 0 
134 0 614 1 182 597 1 0 
134 1 297 3 181 592 0 0 
135 0 614 1 182 597 1 0 
135 1 295 0 182 599 0 0 
136 0 614 1 182 597 1 0 
136 1 296 0 182 599 0 0 
137 0 614 1 182 597 1 0 
137 1 297 0 182 599 0 0 
138 0 614 1 182 597 1 0 
138 1 298 0 182 599 0 0 
139 0 614 1 182 597 1 0 
139 1 299 0 182 599 0 0 
140 0 614 1 182 597 1 0 
140 1 300 0 182 599 0 0 
141 0 614 1 182 597 1 0 
141 1 302 0 182 599 0 0 
142 0 614 1 182 597 1 0 
142 1 303 0 182 599 0 0 
143 0 614 1 182 597 1 0 
143 1 304 0 182 599 0 0 
144 0 614 1 182 597 1 0 
144 1 305 0 182 599 0 0 
145 0 614 1 182 597 1 0 
145 1 306 0 182 599 0 0 
146 0 614 1 182 597 1 0 
146 1 308 0 182 599 0 0 
147 0 614 1 182 597 1 0 
147 1 306 0 182 599 0 0 
148 0 614 1 182 597 1 0 
148 1 304 0 182 599 0 0 
149 0 614 1 182 597 1 0 
149 1 302 0 182 599 0 0 
150 0 614 1 182 597 1 0 
150 1 300 0 182 599 0 0 
151 0 614 1 182 597 1 0 
151 1 299 0 182 599 0 0 
152 0 614 1 182 597 1 0 
152 1 297 0 182 599 0 0 
153 0 614 1 182 597 1 0 
153 1 295 0 182 599 0 0 
154 0 614 1 182 597 1 0 
154 1 293 0 182 599 0 0 
155 0 614 1 182 597 1 0 
155 1 291 0 182 599 0 0 
156 0 614 1 182 597 1 0 
156 1 290 1 182 598 0 0 
157 0 614 1 182 597 1 0 
157 1 285 1 182 598 0 0 
158 0 614 1 182 597 1 0 
158 1 281 2 182 597 0 0 
159 0 614 1 182 597 1 0 
159 1 277 3 182 596 0 0 
160 0 614 1 182 597 1 0 
160 1 277 10 182 579 0 0 
161 0 614 1 182 597 1 0 
161 1 278 17 182 562 0 0 
162 0 614 1 182 597 1 0 
162 1 279 25 182 545 0 0 
163 0 614 1 182 597 1 0 
163 1 278 31 182 524 0 0 
164 0 614 1 182 597 1 0 
164 1 286 38 168 520 0 0 
165 0 614 1 182 597 1 0 
165 1 295 45 153 516 0 0 
166 0 614 1 182 597 1 0 
166 1 304 52 138 512 0 0 
167 0 614 1 182 597 1 0 
167 1 313 60 123 507 0 0 
168 0 614 1 182 597 1 0 
168 1 315 64 123 499 0 0 
169 0 614 1 182 597 1 0 
169 1 318 68 123 491 0 0 
170 0 614 1 182 597 1 0 
170 1 320 72 123 484 0 0 
171 0 614 1 182 597 1 0 
171 1 323 77 123 475 0 0 
172 0 614 1 182 597 1 0 
172 1 326 81 123 467 0 0 
173 0 614 1 182 597 1 0 
173 1 328 85 123 460 0 0 
174 0 614 1 182 597 1 0 
174 1 331 89 123 452 0 0 
175 0 615 1 181 597 1 0 
175 1 334 94 123 444 0 0 
176 0 615 1 181 597 1 0 
176 1 337 94 123 432 0 0 
177 0 615 1 181 597 1 0 
177 1 340 95 123 419 0 0 
178 0 615 1 181 597 1 0 
178 1 344 96 123 407 0 0 
179 0 615 1 181 597 1 0 
179 1 347 97 124 399 0 0 
180 0 615 1 181 597 1 0 
180 1 350 98 125 391 0 0 
181 0 615 1 181 597 1 0 
181 1 354 100 125 383 0 0 
182 0 615 1 181 597 1 0 
182 1 355 99 125 383 0 0 
183 0 615 1 181 597 1 0 
183 1 356 99 125 383 0 0 
184 0 615 1 181 597 1 0 
184 1 358 99 125 383 0 0 
185 0 615 1 181 597 1 0 
185 1 361 97 125 383 0 0 
186 0 615 1 181 597 1 0 
186 1 364 96 125 383 0 0 
187 0 615 1 181 597 1 0 
187 1 367 95 125 383 0 0 
188 0 615 1 181 597 1 0 
188 1 371 94 125 380 0 0 
189 0 615 1 181 597 1 0 
189 1 376 94 125 376 0 0 
190 0 615 1 181 597 1 0 
190 1 381 94 125 372 0 0 
191 0 615 1 181 597 1 0 
191 1 386 94 125 369 0 0 
192 0 615 1 181 597 1 0 
192 1 396 93 125 369 0 0 
193 0 615 1 181 597 1 0 
193 1 396 93 125 369 0 0 
194 0 615 1 181 597 1 0 
194 1 397 93 125 369 0 0 
195 0 615 1 181 597 1 0 
195 1 397 94 125 369 0 0 
196 0 615 1 181 597 1 0 
196 1 398 94 125 369 0 0 
197 0 615 1 181 597 1 0 
197 1 398 94 125 369 0 0 
198 0 615 1 181 597 1 0 
198 1 399 95 125 369 0 0 
199 0 615 1 181 597 1 0 
199 1 399 95 125 369 0 0 
200 0 615 1 181 597 1 0 
200 1 400 95 125 369 0 0 
201 0 615 1 181 597 1 0 
201 1 401 96 125 369 0 0 
202 0 615 1 181 597 1 0 
202 1 401 96 125 369 0 0 
203 0 615 1 181 597 1 0 
203 1 402 97 125 369 0 0 
204 0 615 1 181 597 1 0 
204 1 403 97 125 369 0 0 
205 0 615 1 181 597 1 0 
205 1 404 98 125 369 0 0 
206 0 615 1 181 597 1 0 
206 1 404 99 125 369 0 0 
207 0 615 1 181 597 1 0 
207 1 405 99 125 369 0 0 
208 0 615 1 181 597 1 0 
208 1 406 100 125 369 0 0 
209 0 615 1 181 597 1 0 
209 1 407 101 125 369 0 0 
210 0 615 1 181 597 1 0 
210 1 408 101 125 373 0 0 
211 0 615 1 181 597 1 0 
211 1 410 101 125 377 0 0 
212 0 615 1 181 597 1 0 
212 1 412 101 125 381 0 0 
213 0 615 1 181 597 1 0 
213 1 414 101 125 385 0 0 
214 0 615 1 181 597 1 0 
214 1 415 101 125 389 0 0 
215 0 615 1 181 597 1 0 
215 1 417 101 125 393 0 0 
216 0 615 1 181 597 1 0 
216 1 419 101 125 397 0 0 
217 0 615 1 181 597 1 0 
217 1 421 101 125 401 0 0 
218 0 615 1 181 597 1 0 
218 1 423 100 125 401 0 0 
219 0 615 1 181 597 1 0 
219 1 426 100 125 401 0 0 
220 0 615 1 181 597 1 0 
220 1 428 100 125 401 0 0 
221 0 615 1 181 597 1 0 
221 1 431 100 125 401 0 0 
222 0 615 1 181 597 1 0 
222 1 433 100 125 401 0 0 
223 0 615 1 181 597 1 0 
223 1 436 100 125 401 0 0 
224 0 615 1 181 597 1 0 
224 1 438 100 125 401 0 0 
225 0 615 1 181 597 1 0 
225 1 441 100 125 401 0 0 
226 0 615 1 181 597 1 0 
226 1 444 99 125 401 0 0 
227 0 615 1 181 597 1 0 
227 1 447 98 125 401 0 0 
228 0 615 1 181 597 1 0 
228 1 450 97 125 401 0 0 
229 0 615 1 181 597 1 0 
229 1 454 96 125 401 0 0 
230 0 615 1 181 597 1 0 
230 1 457 95 125 401 0 0 
231 0 615 1 181 597 1 0 
231 1 460 94 125 401 0 0 
232 0 615 1 181 597 1 0 
232 1 463 93 125 401 0 0 
233 0 615 1 181 597 1 0 
233 1 467 92 125 401 0 0 
234 0 615 1 181 597 1 0 
234 1 473 89 125 401 0 0 
235 0 615 1 181 597 1 0 
235 1 479 86 125 401 0 0 
236 0 615 1 181 597 1 0 
236 1 486 83 125 401 0 0 
237 0 615 1 181 597 1 0 
237 1 488 83 125 401 0 0 
238 0 615 1 181 597 1 0 
238 1 491 84 125 401 0 0 
239 0 615 1 181 597 1 0 
239 1 494 85 125 401 0 0 
240 0 615 1 181 597 1 0 
240 1 496 86 125 401 0 0 
241 0 615 1 181 597 1 0 
241 1 499 87 125 401 0 0 
242 0 615 1 181 597 1 0 
242 1 502 88 125 401 0 0 
243 0 615 1 181 597 1 0 
243 1 501 88 125 401 0 0 
244 0 615 1 181 597 1 0 
244 1 501 88 125 401 0 0 
245 0 615 1 181 597 1 0 
245 1 500 88 125 401 0 0 
246 0 615 1 181 597 1 0 
246 1 500 89 125 401 0 0 
247 0 615 1 181 597 1 0 
247 1 500 89 125 401 0 0 
248 0 615 1 181 597 1 0 
248 1 499 89 125 401 0 0 
249 0 615 1 181 597 1 0 
249 1 499 89 125 401 0 0 
250 0 615 1 181 597 1 0 
250 1 499 90 125 401 0 0 
251 0 615 1 181 597 1 0 
251 1 495 90 125 401 0 0 
252 0 615 1 181 597 1 0 
252 1 491 90 125 401 0 0 
253 0 615 1 181 597 1 0 
253 1 487 90 125 401 0 0 
254 0 615 1 181 597 1 0 
254 1 483 90 125 401 0 0 
255 0 615 1 181 597 1 0 
255 1 479 90 125 401 0 0 
256 0 615 1 181 597 1 0 
256 1 475 90 125 401 0 0 
257 0 615 1 181 597 1 0 
257 1 472 91 125 401 0 0 
258 0 615 1 181 597 1 0 
258 1 476 91 125 401 0 0 
259 0 615 1 181 597 1 0 
259 1 480 91 125 401 0 0 
260 0 615 1 181 597 1 0 
260 1 484 91 125 401 0 0 
261 0 615 1 181 597 1 0 
261 1 488 91 125 401 0 0 
262 0 615 1 181 597 1 0 
262 1 492 92 125 401 0 0 
263 0 615 1 181 597 1 0 
263 1 495 89 131 407 0 0 
264 0 615 1 181 597 1 0 
264 1 498 86 137 414 0 0 
265 0 615 1 181 597 1 0 
265 1 501 84 143 420 0 0 
266 0 615 1 181 597 1 0 
266 1 505 81 148 426 0 0 
267 0 615 1 181 597 1 0 
267 1 508 79 154 432 0 0 
268 0 615 1 181 597 1 0 
268 1 511 76 160 439 0 0 
269 0 615 1 181 597 1 0 
269 1 515 74 165 445 0 0 
270 0 615 1 181 597 1 0 
270 1 520 70 168 453 0 0 
271 0 615 1 181 597 1 0 
271 1 525 67 172 461 0 0 
272 0 615 1 181 597 1 0 
272 1 530 64 176 469 0 0 
273 0 615 1 181 597 1 0 
273 1 532 62 176 469 0 0 
274 0 615 1 181 597 1 0 
274 1 535 60 176 469 0 0 
275 0 615 1 181 597 1 0 
275 1 538 58 176 469 0 0 
276 0 615 1 181 597 1 0 
276 1 541 56 176 469 0 0 
277 0 615 1 181 597 1 0 
277 1 536 57 176 469 0 0 
278 0 615 1 181 597 1 0 
278 1 531 59 176 469 0 0 
279 0 615 1 181 597 1 0 
279 1 527 60 176 469 0 0 
280 0 615 1 181 597 1 0 
280 1 522 62 176 469 0 0 
281 0 615 1 181 597 1 0 
281 1 518 64 176 469 0 0 
282 0 615 1 181 597 1 0 
282 1 531 73 132 469 0 0 
283 0 615 1 181 597 1 0 
283 1 516 80 132 469 0 0 
284 0 615 1 181 597 1 0 
284 1 510 92 132 449 0 0 
285 0 615 1 181 597 1 0 
285 1 503 95 132 436 0 0 
286 0 615 1 181 597 1 0 
286 1 496 99 132 422 0 0 
287 0 615 1 181 597 1 0 
287 1 489 102 132 409 0 0 
288 0 615 1 181 597 1 0 
288 1 482 106 132 395 0 0 
289 0 615 1 181 597 1 0 
289 1 475 112 132 370 0 0 
290 0 615 1 181 597 1 0 
290 1 469 118 132 346 0 0 
291 0 615 1 181 597 1 0 
291 1 464 120 127 335 0 0 
292 0 615 1 181 597 1 0 
292 1 459 122 122 325 0 0 
293 0 615 1 181 597 1 0 
293 1 455 125 116 314 0 0 
294 0 615 1 181 597 1 0 
294 1 447 128 116 313 0 0 
295 0 615 1 181 597 1 0 
295 1 440 131 116 312 0 0 
296 0 615 1 181 597 1 0 
296 1 434 132 116 308 0 0 
297 0 615 1 181 597 1 0 
297 1 428 133 116 305 0 0 
298 0 615 1 181 597 1 0 
298 1 428 133 104 292 0 0 
299 0 615 1 181 597 1 0 
299 1 428 133 93 280 0 0 
300 0 615 1 181 597 1 0 
300 1 422 134 93 271 0 0 
301 0 615 1 181 597 1 0 
301 1 416 136 93 262 0 0 
302 0 615 1 181 597 1 0 
302 1 410 138 93 253 0 0 
303 0 615 1 181 597 1 0 
303 1 412 139 91 250 0 0 
304 0 615 1 181 597 1 0 
304 1 414 141 89 246 0 0 
305 0 615 1 181 597 1 0 
305 1 417 143 87 243 0 0 
306 0 615 1 181 597 1 0 
306 1 418 144 85 240 0 0 
307 0 615 1 181 597 1 0 
307 1 419 146 83 236 0 0 
308 0 615 1 181 597 1 0 
308 1 421 148 81 233 0 0 
309 0 615 1 181 597 1 0 
309 1 418 148 79 229 0 0 
310 0 615 1 181 597 1 0 
310 1 415 148 78 226 0 0 
311 0 615 1 181 597 1 0 
311 1 412 148 76 223 0 0 
312 0 615 1 181 597 1 0 
312 1 410 148 74 220 0 0 
313 0 615 1 181 597 1 0 
313 1 405 148 73 218 0 0 
314 0 615 1 181 597 1 0 
314 1 401 148 71 217 0 0 
315 0 615 1 181 597 1 0 
315 1 396 149 70 215 0 0 
316 0 615 1 181 597 1 0 
316 1 392 149 68 214 0 0 
317 0 615 1 181 597 1 0 
317 1 388 150 67 212 0 0 
318 0 615 1 181 597 1 0 
318 1 387 150 66 211 0 0 
319 0 615 1 181 597 1 0 
319 1 387 151 65 210 0 0 
320 0 615 1 181 597 1 0 
320 1 387 152 63 208 0 0 
321 0 615 1 181 597 1 0 
321 1 386 153 63 207 0 0 
322 0 615 1 181 597 1 0 
322 1 386 154 61 205 0 0 
323 0 615 1 181 597 1 0 
323 1 386 155 60 204 0 0 
324 0 615 1 181 597 1 0 
324 1 381 153 62 207 0 0 
325 0 615 1 181 597 1 0 
325 1 377 151 63 211 0 0 
326 0 615 1 181 597 1 0 
326 1 373 149 65 214 0 0 
327 0 615 1 181 597 1 0 
327 1 368 147 67 218 0 0 
328 0 615 1 181 597 1 0 
328 1 364 145 69 221 0 0 
329 0 615 1 181 597 1 0 
329 1 360 143 70 225 0 0 
330 0 615 1 181 597 1 0 
330 1 356 141 72 229 0 0 
331 0 615 1 181 597 1 0 
331 1 354 140 73 232 0 0 
332 0 615 1 181 597 1 0 
332 1 352 140 75 234 0 0 
333 0 615 1 181 597 1 0 
333 1 350 140 76 236 0 0 
334 0 615 1 181 597 1 0 
334 1 348 140 78 238 0 0 
335 0 615 1 181 597 1 0 
335 1 346 140 79 240 0 0 
336 0 615 1 181 597 1 0 
336 1 344 140 81 243 0 0 
337 0 615 1 181 597 1 0 
337 1 342 140 83 245 0 0 
338 0 615 1 181 597 1 0 
338 1 340 140 84 247 0 0 
339 0 615 1 181 597 1 0 
339 1 338 140 86 249 0 0 
340 0 615 1 181 597 1 0 
340 1 336 140 87 251 0 0 
341 0 615 1 181 597 1 0 
341 1 334 140 89 253 0 0 
342 0 615 1 181 597 1 0 
342 1 333 140 90 256 0 0 
343 0 615 1 181 597 1 0 
343 1 334 139 90 256 0 0 
344 0 615 1 181 597 1 0 
344 1 336 139 90 256 0 0 
345 0 615 1 181 597 1 0 
345 1 338 139 90 256 0 0 
346 0 615 1 181 597 1 0 
346 1 341 139 88 251 0 0 
347 0 615 1 181 597 1 0 
347 1 344 139 87 247 0 0 
348 0 615 1 181 597 1 0 
348 1 347 140 86 241 0 0 
349 0 615 1 181 597 1 0 
349 1 350 140 84 237 0 0 
350 0 616 1 180 597 1 0 
350 1 353 140 83 232 0 0 
351 0 616 1 180 597 1 0 
351 1 357 141 81 227 0 0 
352 0 616 1 180 597 1 0 
352 1 356 143 81 224 0 0 
353 0 616 1 180 597 1 0 
353 1 356 146 81 221 0 0 
354 0 616 1 180 597 1 0 
354 1 358 145 81 221 0 0 
355 0 616 1 180 597 1 0 
355 1 360 145 81 221 0 0 
356 0 616 1 180 597 1 0 
356 1 362 145 81 221 0 0 
357 0 616 1 180 597 1 0 
357 1 362 146 80 219 0 0 
358 0 616 1 180 597 1 0 
358 1 362 147 79 217 0 0 
359 0 616 1 180 597 1 0 
359 1 362 148 78 216 0 0 
360 0 616 1 180 597 1 0 
360 1 362 150 77 213 0 0 
361 0 616 1 180 597 1 0 
361 1 362 151 76 212 0 0 
362 0 616 1 180 597 1 0 
362 1 362 152 75 210 0 0 
363 0 616 1 180 597 1 0 
363 1 363 154 73 208 0 0 
364 0 616 1 180 597 1 0 
364 1 361 153 73 208 0 0 
365 0 616 1 180 597 1 0 
365 1 359 153 73 208 0 0 
366 0 616 1 180 597 1 0 
366 1 357 153 74 208 0 0 
367 0 616 1 180 597 1 0 
367 1 355 153 74 208 0 0 
368 0 616 1 180 597 1 0 
368 1 353 152 74 209 0 0 
369 0 616 1 180 597 1 0 
369 1 351 152 75 209 0 0 
370 0 616 1 180 597 1 0 
370 1 349 152 75 209 0 0 
371 0 616 1 180 597 1 0 
371 1 348 152 75 209 0 0 
372 0 616 1 180 597 1 0 
372 1 346 151 75 209 0 0 
373 0 616 1 180 597 1 0 
373 1 344 151 75 209 0 0 
374 0 616 1 180 597 1 0 
374 1 342 150 75 210 0 0 
375 0 616 1 180 597 1 0 
375 1 340 150 75 210 0 0 
376 0 616 1 180 597 1 0 
376 1 338 150 75 210 0 0 
377 0 616 1 180 597 1 0 
377 1 337 150 75 210 0 0 
378 0 616 1 180 597 1 0 
378 1 336 151 75 210 0 0 
379 0 616 1 180 597 1 0 
379 1 336 152 75 210 0 0 
380 0 616 1 180 597 1 0 
380 1 335 153 75 209 0 0 
381 0 616 1 180 597 1 0 
381 1 334 154 75 209 0 0 
382 0 616 1 180 597 1 0 
382 1 334 155 75 209 0 0 
383 0 616 1 180 597 1 0 
383 1 334 155 75 207 0 0 
384 0 616 1 180 597 1 0 
384 1 335 156 75 204 0 0 
385 0 616 1 180 597 1 0 
385 1 336 156 75 202 0 0 
386 0 616 1 180 597 1 0 
386 1 337 157 75 199 0 0 
387 0 616 1 180 597 1 0 
387 1 338 157 75 197 0 0 
388 0 616 1 180 597 1 0 
388 1 339 158 75 194 0 0 
389 0 616 1 180 597 1 0 
389 1 340 158 73 192 0 0 
390 0 616 1 180 597 1 0 
390 1 341 158 72 191 0 0 
391 0 616 1 180 597 1 0 
391 1 343 159 70 188 0 0 
392 0 616 1 180 597 1 0 
392 1 344 159 69 187 0 0 
393 0 616 1 180 597 1 0 
393 1 346 160 67 184 0 0 
394 0 616 1 180 597 1 0 
394 1 347 160 66 183 0 0 
395 0 616 1 180 597 1 0 
395 1 349 161 64 180 0 0 
396 0 616 1 180 597 1 0 
396 1 350 161 63 179 0 0 
397 0 616 1 180 597 1 0 
397 1 352 162 61 177 0 0 
398 0 616 1 180 597 1 0 
398 1 353 162 61 177 0 0 
399 0 616 1 180 597 1 0 
399 1 354 162 61 177 0 0 
400 0 616 1 180 597 1 0 
400 1 355 163 61 177 0 0 
401 0 616 1 180 597 1 0 
401 1 356 163 60 174 0 0 
402 0 616 1 180 597 1 0 
402 1 357 163 60 172 0 0 
403 0 616 1 180 597 1 0 
403 1 358 163 59 170 0 0 
404 0 616 1 180 597 1 0 
404 1 359 164 59 167 0 0 
405 0 616 1 180 597 1 0 
405 1 360 164 59 164 0 0 
406 0 616 1 180 597 1 0 
406 1 361 164 58 162 0 0 
407 0 616 1 180 597 1 0 
407 1 362 164 58 160 0 0 
408 0 616 1 181 597 1 0 
408 1 364 165 57 157 0 0 
409 0 616 1 181 597 1 0 
409 1 365 165 57 156 0 0 
410 0 616 1 181 597 1 0 
410 1 366 165 57 155 0 0 
411 0 616 1 181 597 1 0 
411 1 367 166 57 153 0 0 
412 0 616 1 181 597 1 0 
412 1 368 166 57 152 0 0 
413 0 616 1 181 597 1 0 
413 1 370 167 57 150 0 0 
414 0 616 1 181 597 1 0 
414 1 369 167 57 147 0 0 
415 0 616 1 181 597 1 0 
415 1 369 167 57 145 0 0 
416 0 616 1 181 597 1 0 
416 1 368 167 57 143 0 0 
417 0 616 1 181 597 1 0 
417 1 368 168 57 140 0 0 
418 0 616 1 181 597 1 0 
418 1 367 169 57 139 0 0 
419 0 616 1 181 597 1 0 
419 1 367 170 57 138 0 0 
420 0 616 1 181 597 1 0 
420 1 367 171 57 137 0 0 
421 0 616 1 181 597 1 0 
421 1 366 172 57 136 0 0 
422 0 616 1 181 597 1 0 
422 1 366 173 57 135 0 0 
423 0 616 1 181 597 1 0 
423 1 366 174 57 134 0 0 
424 0 616 1 181 597 1 0 
424 1 366 174 56 133 0 0 
425 0 616 1 181 597 1 0 
425 1 367 175 54 131 0 0 
426 0 616 1 181 597 1 0 
426 1 367 176 53 129 0 0 
427 0 616 1 181 597 1 0 
427 1 368 177 52 127 0 0 
428 0 616 1 181 597 1 0 
428 1 368 178 51 125 0 0 
429 0 616 1 181 597 1 0 
429 1 369 179 49 123 0 0 
430 0 616 1 181 597 1 0 
430 1 369 180 48 121 0 0 
431 0 616 1 181 597 1 0 
431 1 370 181 47 120 0 0 
432 0 616 1 181 597 1 0 
432 1 369 180 47 121 0 0 
433 0 616 1 181 597 1 0 
433 1 368 180 47 121 0 0 
434 0 616 1 181 597 1 0 
434 1 368 180 47 121 0 0 
435 0 616 1 181 597 1 0 
435 1 367 180 47 121 0 0 
436 0 616 1 181 597 1 0 
436 1 367 180 47 121 0 0 
437 0 616 1 181 597 1 0 
437 1 366 180 47 121 0 0 
438 0 616 1 181 597 1 0 
438 1 366 180 47 122 0 0 
439 0 616 1 181 597 1 0 
439 1 365 180 47 121 0 0 
440 0 616 1 181 597 1 0 
440 1 364 180 47 120 0 0 
441 0 616 1 181 597 1 0 
441 1 363 181 47 118 0 0 
442 0 616 1 181 597 1 0 
442 1 362 181 47 117 0 0 
443 0 616 1 181 597 1 0 
443 1 361 182 47 115 0 0 
444 0 616 1 181 597 1 0 
444 1 361 182 46 114 0 0 
445 0 616 1 181 597 1 0 
445 1 362 183 45 112 0 0 
446 0 616 1 181 597 1 0 
446 1 362 183 45 111 0 0 
447 0 616 1 181 597 1 0 
447 1 363 184 44 109 0 0 
448 0 616 1 181 597 1 0 
448 1 363 184 44 108 0 0 
449 0 616 1 181 597 1 0 
449 1 364 185 43 107 0 0 
450 0 616 1 181 597 1 0 
450 1 362 185 43 105 0 0 
451 0 616 1 181 597 1 0 
451 1 360 186 43 103 0 0 
452 0 616 1 181 597 1 0 
452 1 358 187 43 100 0 0 
453 0 616 1 181 597 1 0 
453 1 357 188 43 98 0 0 
454 0 616 1 181 597 1 0 
454 1 355 185 43 104 0 0 
455 0 616 1 181 597 1 0 
455 1 354 183 43 109 0 0 
456 0 616 1 181 597 1 0 
456 1 351 185 43 104 0 0 
457 0 616 1 181 597 1 0 
457 1 349 187 43 99 0 0 
458 0 616 1 181 597 1 0 
458 1 347 182 43 110 0 0 
459 0 616 1 181 597 1 0 
459 1 341 187 43 99 0 0 
460 0 616 1 181 597 1 0 
460 1 339 187 42 98 0 0 
461 0 616 1 181 597 1 0 
461 1 337 187 41 97 0 0 
462 0 616 1 181 597 1 0 
462 1 336 188 40 95 0 0 
463 0 616 1 181 597 1 0 
463 1 333 189 40 95 0 0 
464 0 616 1 181 597 1 0 
464 1 330 191 40 95 0 1 
465 0 616 1 181 597 1 0 
465 1 325 191 40 95 0 1 
466 0 616 1 181 597 1 0 
466 1 320 191 40 96 0 1 
467 0 616 1 181 597 1 0 
467 1 315 192 40 96 1 1 
468 0 616 1 181 597 1 0 
468 1 315 191 40 97 1 0 
469 0 616 1 181 597 1 0 
469 1 314 190 40 97 1 0 
470 0 616 1 181 597 1 0 
470 1 314 190 40 97 1 0 
471 0 616 1 181 597 1 0 
471 1 314 190 40 97 1 0 
472 0 616 1 181 597 1 0 
472 1 314 190 40 97 1 0 
473 0 616 1 181 597 1 0 
473 1 314 190 40 97 1 0 
474 0 616 1 181 597 1 0 
474 1 314 190 40 97 1 0 
475 0 616 1 181 597 1 0 
475 1 314 190 40 97 1 0 
476 0 616 1 181 597 1 0 
476 1 314 190 40 97 1 0 
477 0 616 1 181 597 1 0 
477 1 314 190 40 97 1 0 
478 0 616 1 181 597 1 0 
478 1 314 190 40 96 1 0 
479 0 616 1 181 597 1 0 
479 1 314 190 40 96 1 0 
480 0 616 1 181 597 1 0 
480 1 313 189 40 97 1 0 
481 0 616 1 181 597 1 0 
481 1 313 189 40 97 1 0 
482 0 616 1 181 597 1 0 
482 1 313 189 40 97 1 0 
483 0 616 1 181 597 1 0 
483 1 313 189 40 97 1 0 
484 0 616 1 181 597 1 0 
484 1 313 189 40 97 1 0 
485 0 616 1 181 597 1 0 
485 1 313 189 40 97 1 0 
486 0 616 1 181 597 1 0 
486 1 313 189 40 97 1 0 
487 0 616 1 181 597 1 0 
487 1 313 189 40 96 1 0 
488 0 616 1 181 597 1 0 
488 1 313 189 40 96 1 0 
489 0 616 1 181 597 1 0 
489 1 313 189 40 96 1 0 
490 0 616 1 181 597 1 0 
490 1 313 189 40 96 1 0 
491 0 616 1 181 597 1 0 
491 1 312 188 40 97 1 0 
492 0 616 1 181 597 1 0 
492 1 312 188 40 97 1 0 
493 0 616 1 181 597 1 0 
493 1 312 188 40 97 1 0 
494 0 616 1 181 597 1 0 
494 1 312 188 40 97 1 0 
495 0 616 1 181 597 1 0 
495 1 312 188 40 97 1 0 
496 0 616 1 181 597 1 0 
496 1 312 188 40 97 1 0 
497 0 616 1 181 597 1 0 
497 1 312 188 40 96 1 0 
498 0 616 1 181 597 1 0 
498 1 312 188 40 96 1 0 
499 0 616 1 181 597 1 0 
499 1 312 188 40 96 1 0 
500 0 616 1 181 597 1 0 
500 1 312 188 40 96 1 0 
501 0 616 1 181 597 1 0 
501 1 312 188 40 96 1 0 
502 0 616 1 181 597 1 0 
502 1 311 187 40 97 1 0 
503 0 616 1 181 597 1 0 
503 1 311 187 40 97 1 0 
504 0 616 1 181 597 1 0 
504 1 311 187 40 97 1 0 
505 0 616 1 181 597 1 0 
505 1 311 187 40 97 1 0 
506 0 616 1 181 597 1 0 
506 1 311 187 40 96 1 0 
507 0 616 1 181 597 1 0 
507 1 311 187 40 96 1 0 
508 0 616 1 181 597 1 0 
508 1 311 187 40 96 1 0 
509 0 616 1 181 597 1 0 
509 1 311 187 40 96 1 0 
510 0 616 1 181 597 1 0 
510 1 311 187 40 96 1 0 
511 0 616 1 181 597 1 0 
511 1 311 187 40 96 1 0 
512 0 616 1 181 597 1 0 
512 1 311 187 40 96 1 0 
513 0 616 1 181 597 1 0 
513 1 310 186 40 97 1 0 
514 0 616 1 181 597 1 0 
514 1 310 186 40 97 1 0 
515 0 616 1 181 597 1 0 
515 1 310 186 40 97 1 0 
516 0 616 1 181 597 1 0 
516 1 310 186 40 96 1 0 
517 0 616 1 181 597 1 0 
517 1 310 186 40 96 1 0 
518 0 616 1 181 597 1 0 
518 1 310 186 40 96 1 0 
519 0 616 1 181 597 1 0 
519 1 310 186 40 96 1 0 
520 0 616 1 181 597 1 0 
520 1 310 186 40 96 1 0 
521 0 616 1 181 597 1 0 
521 1 310 186 40 96 1 0 
522 0 616 1 181 597 1 0 
522 1 310 186 40 96 1 0 
523 0 616 1 181 597 1 0 
523 1 310 186 40 96 1 0 
524 0 617 1 180 597 1 0 
524 1 309 185 40 97 1 0 
525 0 617 1 180 597 1 0 
525 1 309 185 40 96 1 0 
526 0 617 1 180 597 1 0 
526 1 309 185 40 96 1 0 
527 0 617 1 180 597 1 0 
527 1 309 185 40 96 1 0 
528 0 617 1 180 597 1 0 
528 1 309 185 40 96 1 0 
529 0 617 1 180 597 1 0 
529 1 309 185 40 96 1 0 
530 0 617 1 180 597 1 0 
530 1 309 185 40 96 1 0 
531 0 617 1 180 597 1 0 
531 1 309 185 40 96 1 0 
532 0 617 1 180 597 1 0 
532 1 309 185 40 96 1 0 
533 0 617 1 180 597 1 0 
533 1 309 185 40 96 1 0 
534 0 617 1 180 597 1 0 
534 1 309 185 40 96 0 1 
535 0 617 1 180 597 1 0 
535 1 310 184 40 97 0 1 
536 0 617 1 180 597 1 0 
536 1 312 184 40 97 0 1 
537 0 617 1 180 597 1 0 
537 1 313 184 40 97 0 1 
538 0 617 1 180 597 1 0 
538 1 315 184 40 97 0 1 
539 0 617 1 180 597 1 0 
539 1 315 184 40 106 0 0 
540 0 617 1 180 597 1 0 
540 1 316 183 41 108 0 0 
541 0 617 1 180 597 1 0 
541 1 317 183 42 110 0 0 
542 0 617 1 180 597 1 0 
542 1 318 183 43 112 0 0 
543 0 617 1 180 597 1 0 
543 1 320 183 43 114 0 0 
544 0 617 1 180 597 1 0 
544 1 322 182 44 115 0 0 
545 0 617 1 180 597 1 0 
545 1 324 181 45 117 0 0 
546 0 617 1 180 597 1 0 
546 1 326 181 46 117 0 0 
547 0 617 1 180 597 1 0 
547 1 328 180 47 119 0 0 
548 0 617 1 180 597 1 0 
548 1 330 180 48 120 0 0 
549 0 617 1 180 597 1 0 
549 1 331 179 48 122 0 0 
550 0 617 1 180 597 1 0 
550 1 332 178 49 125 0 0 
551 0 617 1 180 597 1 0 
551 1 334 177 49 127 0 0 
552 0 617 1 180 597 1 0 
552 1 335 176 50 130 0 0 
553 0 617 1 180 597 1 0 
553 1 337 175 50 133 0 0 
554 0 617 1 180 597 1 0 
554 1 338 174 51 136 0 0 
555 0 617 1 180 597 1 0 
555 1 339 173 52 139 0 0 
556 0 617 1 180 597 1 0 
556 1 341 173 52 141 0 0 
557 0 617 1 180 597 1 0 
557 1 342 172 53 144 0 0 
558 0 617 1 180 597 1 0 
558 1 343 171 54 147 0 0 
559 0 617 1 180 597 1 0 
559 1 345 171 54 150 0 0 
560 0 617 1 180 597 1 0 
560 1 344 170 55 153 0 0 
561 0 617 1 180 597 1 0 
561 1 344 169 56 156 0 0 
562 0 617 1 180 597 1 0 
562 1 343 168 58 159 0 0 
563 0 617 1 180 597 1 0 
563 1 343 167 59 162 0 0 
564 0 617 1 180 597 1 0 
564 1 343 166 60 165 0 0 
565 0 617 1 180 597 1 0 
565 1 342 165 62 169 0 0 
566 0 617 1 180 597 1 0 
566 1 342 164 63 172 0 0 
567 0 617 1 180 597 1 0 
567 1 342 163 64 175 0 0 
568 0 617 1 180 597 1 0 
568 1 341 162 66 178 0 0 
569 0 617 1 180 597 1 0 
569 1 341 161 67 181 0 0 
570 0 617 1 180 597 1 0 
570 1 341 161 68 184 0 0 
571 0 617 1 180 597 1 0 
571 1 340 160 68 191 0 0 
572 0 617 1 180 597 1 0 
572 1 340 160 68 198 0 0 
573 0 617 1 180 597 1 0 
573 1 340 158 69 201 0 0 
574 0 617 1 180 597 1 0 
574 1 341 156 70 204 0 0 
575 0 617 1 180 597 1 0 
575 1 341 154 71 208 0 0 
576 0 617 1 180 597 1 0 
576 1 342 153 72 210 0 0 
577 0 617 1 180 597 1 0 
577 1 343 151 72 213 0 0 
578 0 617 1 180 597 1 0 
578 1 343 149 74 217 0 0 
579 0 617 1 180 597 1 0 
579 1 344 147 74 220 0 0 
580 0 617 1 180 597 1 0 
580 1 345 146 75 223 0 0 
581 0 617 1 180 597 1 0 
581 1 344 144 76 228 0 0 
582 0 617 1 180 597 1 0 
582 1 343 143 77 232 0 0 
583 0 617 1 180 597 1 0 
583 1 342 141 78 238 0 0 
584 0 617 1 180 597 1 0 
584 1 341 140 79 242 0 0 
585 0 617 1 180 597 1 0 
585 1 340 138 80 247 0 0 
586 0 617 1 180 597 1 0 
586 1 339 137 81 252 0 0 
587 0 617 1 180 597 1 0 
587 1 338 135 82 256 0 0 
588 0 617 1 180 597 1 0 
588 1 337 134 84 259 0 0 
589 0 617 1 180 597 1 0 
589 1 337 132 85 263 0 0 
590 0 617 1 180 597 1 0 
590 1 336 131 87 266 0 0 
591 0 617 1 180 597 1 0 
591 1 335 129 89 270 0 0 
592 0 617 1 180 597 1 0 
592 1 335 128 90 273 0 0 
593 0 617 1 180 597 1 0 
593 1 333 127 90 274 0 0 
594 0 617 1 180 597 1 0 
594 1 331 127 90 275 0 0 
595 0 617 1 180 597 1 0 
595 1 329 127 90 276 0 0 
596 0 617 1 180 597 1 0 
596 1 327 127 90 277 0 0 
597 0 617 1 180 597 1 0 
597 1 325 126 90 279 0 0 
598 0 617 1 180 597 1 0 
598 1 323 126 90 280 0 0 
599 0 617 1 180 597 1 0 
599 1 321 126 90 281 0 0 
600 0 617 1 180 597 1 0 
600 1 319 126 90 282 0 0 
601 0 617 1 180 597 1 0 
601 1 317 126 90 283 0 0 
602 0 617 1 180 597 1 0 
602 1 313 126 90 283 0 0 
603 0 617 1 180 597 1 0 
603 1 309 127 90 283 0 0 
604 0 617 1 180 597 1 0 
604 1 306 128 90 283 0 0 
605 0 617 1 180 597 1 0 
605 1 302 128 90 284 0 0 
606 0 617 1 180 597 1 0 
606 1 299 129 90 284 0 0 
607 0 617 1 180 597 1 0 
607 1 295 130 90 284 0 0 
608 0 617 1 180 597 1 0 
608 1 292 131 90 284 0 0 
609 0 617 1 180 597 1 0 
609 1 290 131 90 281 0 0 
610 0 617 1 180 597 1 0 
610 1 288 131 90 278 0 0 
611 0 617 1 180 597 1 0 
611 1 287 131 90 275 0 0 
612 0 617 0 180 598 1 0 
612 1 285 131 90 272 0 0 
613 0 617 0 180 598 1 0 
613 1 284 131 90 270 0 0 
614 0 617 0 180 598 1 0 
614 1 283 131 90 270 0 0 
615 0 617 0 180 598 1 0 
615 1 282 131 90 271 0 0 
616 0 617 0 180 598 1 0 
616 1 282 130 90 271 0 0 
617 0 617 0 180 598 1 0 
617 1 282 130 90 270 0 0 
618 0 617 0 180 598 1 0 
618 1 282 130 90 269 0 0 
619 0 617 0 180 598 1 0 
619 1 281 130 90 267 0 0 
620 0 617 0 180 598 1 0 
620 1 281 130 90 266 0 0 
621 0 617 0 180 598 1 0 
621 1 281 130 90 265 0 0 
622 0 617 0 180 598 1 0 
622 1 281 131 90 263 0 0 
623 0 617 0 180 598 1 0 
623 1 281 131 90 262 0 0 
624 0 617 0 180 598 1 0 
624 1 281 131 90 261 0 0 
625 0 617 0 180 598 1 0 
625 1 281 131 90 260 0 0 
626 0 617 0 180 598 1 0 
626 1 281 132 90 258 0 0 
627 0 617 0 180 598 1 0 
627 1 280 132 91 257 0 0 
628 0 617 0 180 598 1 0 
628 1 280 132 91 256 0 0 
629 0 617 0 180 598 1 0 
629 1 280 132 91 255 0 0 
630 0 617 0 180 598 1 0 
630 1 280 133 91 253 0 0 
631 0 617 0 180 598 1 0 
631 1 280 133 91 252 0 0 
632 0 617 0 180 598 1 0 
632 1 280 133 91 251 0 0 
633 0 617 0 180 598 1 0 
633 1 280 133 91 250 0 0 
634 0 617 0 180 598 1 0 
634 1 280 134 91 248 0 0 
635 0 617 0 180 598 1 0 
635 1 279 134 91 248 0 0 
636 0 617 0 180 598 1 0 
636 1 279 134 91 248 0 0 
637 0 617 0 180 598 1 0 
637 1 278 134 92 249 0 0 
638 0 617 0 180 598 1 0 
638 1 278 134 91 249 0 0 
639 0 617 0 180 598 1 0 
639 1 278 134 91 249 0 0 
640 0 617 0 180 598 1 0 
640 1 277 134 92 250 0 0 
641 0 617 0 180 598 1 0 
641 1 277 134 91 250 0 0 
642 0 617 0 180 598 1 0 
642 1 276 135 92 249 0 0 
643 0 617 0 180 598 1 0 
643 1 276 135 92 250 0 0 
644 0 617 0 180 598 1 0 
644 1 276 135 91 250 0 0 
645 0 617 0 180 598 1 0 
645 1 275 135 92 250 0 0 
646 0 617 0 180 598 1 0 
646 1 275 135 92 251 0 0 
647 0 617 0 180 598 1 0 
647 1 274 135 92 251 0 0 
648 0 617 0 180 598 1 0 
648 1 274 135 92 251 0 0 
649 0 617 0 180 598 1 0 
649 1 274 136 92 251 0 0 
650 0 617 0 180 598 1 0 
650 1 266 135 92 251 0 0 
651 0 617 0 180 598 1 0 
651 1 259 135 92 251 0 0 
652 0 617 0 180 598 1 0 
652 1 252 135 92 251 0 0 
653 0 617 0 180 598 1 0 
653 1 245 133 92 248 0 0 
654 0 617 0 180 598 1 0 
654 1 238 132 92 245 0 0 
655 0 617 0 180 598 1 0 
655 1 235 133 92 243 0 0 
656 0 617 0 180 598 1 0 
656 1 233 134 92 241 0 0 
657 0 617 0 180 598 1 0 
657 1 230 135 92 239 0 0 
658 0 617 0 180 598 1 0 
658 1 228 136 92 237 0 0 
659 0 617 0 180 598 1 0 
659 1 230 136 92 235 0 0 
660 0 617 0 180 598 1 0 
660 1 233 137 92 233 0 0 
661 0 617 0 180 598 1 0 
661 1 236 137 92 232 0 0 
662 0 617 0 180 598 1 0 
662 1 238 138 92 230 0 0 
663 0 617 0 180 598 1 0 
663 1 241 138 92 229 0 0 
664 0 617 0 180 598 1 0 
664 1 244 139 92 227 0 0 
665 0 617 0 180 598 1 0 
665 1 251 141 88 224 0 0 
666 0 617 0 180 598 1 0 
666 1 258 143 84 221 0 0 
667 0 617 0 180 598 1 0 
667 1 265 145 80 218 0 0 
668 0 617 0 180 598 1 0 
668 1 273 147 75 215 0 0 
669 0 617 0 180 598 1 0 
669 1 277 146 75 215 0 0 
670 0 617 0 180 598 1 0 
670 1 281 146 75 215 0 0 
671 0 617 0 180 598 1 0 
671 1 286 146 75 215 0 0 
672 0 617 0 180 598 1 0 
672 1 283 144 75 215 0 0 
673 0 617 0 180 598 1 0 
673 1 281 142 75 215 0 0 
674 0 617 0 180 598 1 0 
674 1 272 147 75 199 0 0 
675 0 617 0 180 598 1 0 
675 1 267 153 75 199 0 0 
676 0 617 0 180 598 1 0 
676 1 263 151 75 199 0 0 
677 0 617 0 180 598 1 0 
677 1 260 149 75 199 0 0 
678 0 617 0 180 598 1 0 
678 1 255 150 75 199 0 0 
679 0 617 0 180 598 1 0 
679 1 251 151 75 199 0 0 
680 0 617 0 180 598 1 0 
680 1 248 151 75 199 0 0 
681 0 617 0 180 598 1 0 
681 1 245 151 75 199 0 0 
682 0 617 0 180 598 1 0 
682 1 242 152 75 199 0 0 
683 0 617 0 180 598 1 0 
683 1 244 152 75 199 0 0 
684 0 617 0 180 598 1 0 
684 1 246 152 75 200 0 0 
685 0 617 0 180 598 1 0 
685 1 248 152 75 200 0 0 
686 0 617 0 180 598 1 0 
686 1 250 153 75 200 0 0 
687 0 617 0 180 598 1 0 
687 1 253 154 75 196 0 0 
688 0 617 0 180 598 1 0 
688 1 262 156 75 192 0 0 
689 0 617 0 180 598 1 0 
689 1 271 159 75 188 0 0 
690 0 617 0 180 598 1 0 
690 1 276 160 73 184 0 0 
691 0 617 0 180 598 1 0 
691 1 281 161 71 180 0 0 
692 0 617 0 180 598 1 0 
692 1 286 162 70 176 0 0 
693 0 617 0 180 598 1 0 
693 1 291 163 68 172 0 0 
694 0 617 0 180 598 1 0 
694 1 297 164 66 169 0 0 
695 0 617 0 180 598 1 0 
695 1 298 163 66 169 0 0 
696 0 617 0 180 598 1 0 
696 1 299 163 66 169 0 0 
697 0 617 0 180 598 1 0 
697 1 301 162 66 170 0 0 
698 0 617 0 180 598 1 0 
698 1 302 162 66 170 0 0 
699 0 618 0 179 598 1 0 
699 1 304 162 66 170 0 0 
700 0 618 0 179 598 1 0 
700 1 310 162 65 168 0 0 
701 0 618 0 179 598 1 0 
701 1 316 162 64 166 0 0 
702 0 618 0 179 598 1 0 
702 1 323 162 62 165 0 0 
703 0 618 0 179 598 1 0 
703 1 334 165 62 161 0 0 
704 0 618 0 179 598 1 0 
704 1 345 169 62 157 0 0 
705 0 618 0 179 598 1 0 
705 1 350 169 62 158 0 0 
706 0 618 0 179 598 1 0 
706 1 356 170 62 158 0 0 
707 0 618 0 179 598 1 0 
707 1 362 171 62 158 0 0 
708 0 618 0 179 598 1 0 
708 1 363 170 62 158 0 0 
709 0 618 0 179 598 1 0 
709 1 365 169 62 159 0 0 
710 0 618 0 179 598 1 0 
710 1 367 169 62 159 0 0 
711 0 618 0 179 598 1 0 
711 1 372 167 62 159 0 0 
712 0 618 0 179 598 1 0 
712 1 377 166 62 159 0 0 
713 0 618 0 179 598 1 0 
713 1 384 165 62 159 0 0 
714 0 618 0 179 598 1 0 
714 1 392 165 62 159 0 1 
715 0 618 0 179 598 1 0 
715 1 399 164 62 160 0 1 
716 0 618 0 179 598 1 0 
716 1 407 164 62 160 0 1 
717 0 618 0 179 598 1 0 
717 1 415 164 62 160 0 1 
718 0 618 0 179 598 1 0 
718 1 422 163 62 160 0 1 
719 0 618 0 179 598 1 0 
719 1 429 162 62 161 0 1 
720 0 618 0 179 598 1 0 
720 1 437 162 62 161 1 1 
721 0 618 0 179 598 1 0 
721 1 450 161 62 161 1 1 
722 0 618 0 179 598 1 0 
722 1 464 161 62 161 1 0 
723 0 618 0 179 598 1 0 
723 1 464 161 62 161 1 0 
724 0 618 0 179 598 1 0 
724 1 464 161 62 161 1 0 
725 0 618 0 179 598 1 0 
725 1 464 161 62 161 1 0 
726 0 618 0 179 598 1 0 
726 1 464 161 62 161 1 0 
727 0 618 0 179 598 1 0 
727 1 464 161 62 161 1 0 
728 0 618 0 179 598 1 0 
728 1 464 161 62 161 1 0 
729 0 618 0 179 598 1 0 
729 1 464 161 62 161 1 0 
730 0 618 0 179 598 1 0 
730 1 464 161 62 161 1 0 
731 0 618 0 179 598 1 0 
731 1 464 161 62 161 1 0 
732 0 618 0 179 598 1 0 
732 1 464 161 62 161 1 0 
733 0 618 0 179 598 1 0 
733 1 464 161 62 161 1 0 
734 0 618 0 179 598 1 0 
734 1 464 161 62 161 1 0 
735 0 618 0 179 598 1 0 
735 1 464 161 62 161 1 0 
736 0 618 0 179 598 1 0 
736 1 464 161 62 161 1 0 
737 0 618 0 179 598 1 0 
737 1 464 161 62 161 1 0 
738 0 618 0 179 598 1 0 
738 1 464 161 62 161 1 0 
739 0 618 0 179 598 1 0 
739 1 464 161 62 161 1 0 
740 0 618 0 179 598 1 0 
740 1 464 161 62 161 1 0 
741 0 618 0 179 598 1 0 
741 1 464 161 62 161 1 0 
742 0 618 0 179 598 1 0 
742 1 464 161 62 161 1 0 
743 0 618 0 179 598 1 0 
743 1 464 161 62 161 1 0 
744 0 618 0 179 598 1 0 
744 1 464 161 62 161 1 0 
745 0 618 0 179 598 1 0 
745 1 464 161 62 161 1 0 
746 0 618 0 179 598 1 0 
746 1 464 161 62 161 1 0 
747 0 618 0 179 598 1 0 
747 1 464 161 62 161 1 0 
748 0 618 0 179 598 1 0 
748 1 464 161 62 161 1 0 
749 0 618 0 179 598 1 0 
749 1 489 155 73 199 1 0 
750 0 618 0 179 598 1 0 
750 1 515 150 84 237 0 1 
751 0 618 0 179 598 1 0 
751 1 510 149 84 237 0 1 
752 0 618 0 179 598 1 0 
752 1 505 148 84 237 0 1 
753 0 618 0 179 598 1 0 
753 1 500 147 84 237 0 1 
754 0 618 0 179 598 1 0 
754 1 495 146 84 238 0 1 
755 0 618 0 179 598 1 0 
755 1 492 140 84 241 0 0 
756 0 618 0 179 598 1 0 
756 1 483 137 89 246 0 0 
757 0 618 0 179 598 1 0 
757 1 474 135 94 251 0 0 
758 0 618 0 179 598 1 0 
758 1 465 133 99 256 0 0 
759 0 618 0 179 598 1 0 
759 1 456 131 104 261 0 0 
760 0 618 0 179 598 1 0 
760 1 447 129 109 266 0 0 
761 0 618 0 179 598 1 0 
761 1 438 127 114 271 0 0 
762 0 618 0 179 598 1 0 
762 1 427 125 120 274 0 0 
763 0 618 0 179 598 1 0 
763 1 417 123 125 277 0 0 
764 0 618 0 179 598 1 0 
764 1 407 121 130 281 0 0 
765 0 618 0 179 598 1 0 
765 1 397 118 130 289 0 0 
766 0 618 0 179 598 1 0 
766 1 388 115 130 298 0 0 
767 0 618 0 179 598 1 0 
767 1 379 112 130 307 0 0 
768 0 618 0 179 598 1 0 
768 1 370 109 130 315 0 0 
769 0 618 0 179 598 1 0 
769 1 361 106 130 324 0 0 
770 0 618 0 179 598 1 0 
770 1 351 103 130 333 0 0 
771 0 618 0 179 598 1 0 
771 1 342 100 130 341 0 0 
772 0 618 0 179 598 1 0 
772 1 333 97 130 350 0 0 
773 0 618 0 179 598 1 0 
773 1 324 94 130 359 0 0 
774 0 618 0 179 598 1 0 
774 1 315 91 130 368 0 0 
775 0 618 0 179 598 1 0 
775 1 297 90 130 368 0 0 
776 0 618 0 179 598 1 0 
776 1 283 87 134 378 0 0 
777 0 618 0 179 598 1 0 
777 1 269 85 139 387 0 0 
778 0 618 0 179 598 1 0 
778 1 256 82 142 398 0 0 
779 0 618 0 179 598 1 0 
779 1 242 80 147 407 0 0 
780 0 618 0 179 598 1 0 
780 1 229 78 151 417 0 0 
781 0 618 0 179 598 1 0 
781 1 225 78 151 417 0 0 
782 0 618 0 179 598 1 0 
782 1 222 78 151 417 0 0 
783 0 618 0 179 598 1 0 
783 1 219 78 151 417 0 0 
784 0 618 0 179 598 1 0 
784 1 216 78 151 417 0 0 
785 0 618 0 179 598 1 0 
785 1 213 78 151 418 0 0 
786 0 618 0 179 598 1 0 
786 1 210 78 151 418 0 0 
787 0 618 0 179 598 1 0 
787 1 207 78 151 418 0 0 
788 0 618 0 179 598 1 0 
788 1 204 78 151 418 0 0 
789 0 618 0 179 598 1 0 
789 1 201 78 151 418 0 0 
790 0 618 0 179 598 1 0 
790 1 198 79 151 418 0 0 
791 0 618 0 179 598 1 0 
791 1 198 80 150 416 0 0 
792 0 618 0 179 598 1 0 
792 1 199 82 148 414 0 0 
793 0 618 0 179 598 1 0 
793 1 199 84 147 412 0 0 
794 0 618 0 179 598 1 0 
794 1 200 86 145 410 0 0 
795 0 618 0 179 598 1 0 
795 1 200 87 145 409 0 0 
796 0 618 0 179 598 1 0 
796 1 201 89 143 407 0 0 
797 0 618 0 179 598 1 0 
797 1 201 91 142 405 0 0 
798 0 618 0 179 598 1 0 
798 1 202 93 140 403 0 0 
799 0 618 0 179 598 1 0 
799 1 203 95 139 401 0 0 
800 0 618 0 179 598 1 0 
800 1 212 98 131 395 0 0 
801 0 618 0 179 598 1 0 
801 1 222 101 123 389 0 0 
802 0 618 0 179 598 1 0 
802 1 231 104 115 383 0 0 
803 0 618 0 179 598 1 0 
803 1 241 108 107 376 0 0 
804 0 618 0 179 598 1 0 
804 1 246 111 107 363 0 0 
805 0 618 0 179 598 1 0 
805 1 251 114 107 350 0 0 
806 0 618 0 179 598 1 0 
806 1 256 117 107 337 0 0 
807 0 618 0 179 598 1 0 
807 1 261 120 107 324 0 0 
808 0 618 0 179 598 1 0 
808 1 267 123 107 311 0 0 
809 0 618 0 179 598 1 0 
809 1 262 122 105 309 0 0 
810 0 618 0 179 598 1 0 
810 1 258 122 103 306 0 0 
811 0 618 0 179 598 1 0 
811 1 253 122 101 303 0 0 
812 0 618 0 179 598 1 0 
812 1 249 122 99 301 0 0 
813 0 618 0 179 598 1 0 
813 1 243 120 99 301 0 0 
814 0 618 0 179 598 1 0 
814 1 239 120 99 298 0 0 
815 0 618 0 180 598 1 0 
815 1 235 121 99 294 0 0 
816 0 618 0 180 598 1 0 
816 1 231 122 99 290 0 0 
817 0 618 0 180 598 1 0 
817 1 232 124 99 288 0 0 
818 0 618 0 180 598 1 0 
818 1 233 127 99 285 0 0 
819 0 618 0 180 598 1 0 
819 1 234 129 99 283 0 0 
820 0 618 0 180 598 1 0 
820 1 235 132 99 280 0 0 
821 0 618 0 180 598 1 0 
821 1 236 135 99 278 0 0 
822 0 618 0 180 598 1 0 
822 1 242 135 96 270 0 0 
823 0 618 0 180 598 1 0 
823 1 249 136 93 261 0 0 
824 0 618 0 180 598 1 0 
824 1 256 137 89 252 0 0 
825 0 618 0 180 598 1 0 
825 1 263 138 86 243 0 0 
826 0 618 0 180 598 1 0 
826 1 269 140 84 238 0 0 
827 0 618 0 180 598 1 0 
827 1 275 142 82 234 0 0 
828 0 618 0 180 598 1 0 
828 1 281 144 80 230 0 0 
829 0 618 0 180 598 1 0 
829 1 287 146 78 226 0 0 
830 0 618 0 180 598 1 0 
830 1 293 148 76 222 0 0 
831 0 618 0 180 598 1 0 
831 1 291 147 76 220 0 0 
832 0 618 0 180 598 1 0 
832 1 289 147 76 217 0 0 
833 0 618 0 180 598 1 0 
833 1 288 147 76 214 0 0 
834 0 618 0 180 598 1 0 
834 1 286 147 76 211 0 0 
835 0 618 0 180 598 1 0 
835 1 285 147 76 209 0 0 
836 0 618 0 180 598 1 0 
836 1 285 148 75 208 0 0 
837 0 618 0 180 598 1 0 
837 1 285 149 74 208 0 0 
838 0 618 0 180 598 1 0 
838 1 285 150 73 208 0 0 
839 0 618 0 180 598 1 0 
839 1 285 151 72 207 0 0 
840 0 618 0 180 598 1 0 
840 1 285 152 71 207 0 0 
841 0 618 0 180 598 1 0 
841 1 286 153 70 207 0 0 
842 0 618 0 180 598 1 0 
842 1 290 154 69 203 0 0 
843 0 618 0 180 598 1 0 
843 1 295 155 68 200 0 0 
844 0 618 0 180 598 1 0 
844 1 299 156 67 196 0 0 
845 0 618 0 180 598 1 0 
845 1 304 157 66 193 0 0 
846 0 618 0 180 598 1 0 
846 1 309 158 65 190 0 0 
847 0 618 0 180 598 1 0 
847 1 314 159 64 187 0 0 
848 0 618 0 180 598 1 0 
848 1 319 160 63 185 0 0 
849 0 618 0 180 598 1 0 
849 1 324 161 62 182 0 0 
850 0 618 0 180 598 1 0 
850 1 329 162 61 180 0 0 
851 0 618 0 180 598 1 0 
851 1 335 164 60 177 0 0 
852 0 618 0 180 598 1 0 
852 1 336 163 60 178 0 0 
853 0 618 0 180 598 1 0 
853 1 337 163 61 178 0 0 
854 0 618 0 180 598 1 0 
854 1 339 163 61 178 0 0 
855 0 618 0 180 598 1 0 
855 1 340 163 62 179 0 0 
856 0 618 0 180 598 1 0 
856 1 342 163 62 179 0 0 
857 0 618 0 180 598 1 0 
857 1 343 163 62 179 0 0 
858 0 618 0 180 598 1 0 
858 1 345 163 62 179 0 0 
859 0 618 0 180 598 1 0 
859 1 346 163 63 180 0 0 
860 0 618 0 180 598 1 0 
860 1 348 163 63 180 0 0 
861 0 618 0 180 598 1 0 
861 1 349 163 64 180 0 0 
862 0 618 0 180 598 1 0 
862 1 351 163 64 181 0 0 
863 0 618 0 180 598 1 0 
863 1 353 162 64 181 0 0 
864 0 618 0 180 598 1 0 
864 1 356 162 64 181 0 0 
865 0 618 0 180 598 1 0 
865 1 358 161 64 182 0 0 
866 0 618 0 180 598 1 0 
866 1 361 161 64 182 0 0 
867 0 618 0 180 598 1 0 
867 1 367 160 64 183 0 0 
868 0 618 0 180 598 1 0 
868 1 373 160 64 183 0 0 
869 0 618 0 180 598 1 0 
869 1 379 160 64 183 0 0 
870 0 618 0 180 598 1 0 
870 1 382 159 64 184 0 0 
871 0 618 0 180 598 1 0 
871 1 385 159 64 184 0 0 
872 0 618 0 180 598 1 0 
872 1 389 159 64 184 0 0 
873 0 619 0 179 598 1 0 
873 1 391 158 64 186 0 0 
874 0 619 0 179 598 1 0 
874 1 393 157 65 189 0 0 
875 0 619 0 179 598 1 0 
875 1 395 157 65 191 0 0 
876 0 619 0 179 598 1 0 
876 1 397 156 66 194 0 0 
877 0 619 0 179 598 1 0 
877 1 399 156 67 196 0 0 
878 0 619 0 179 598 1 0 
878 1 407 154 67 200 0 0 
879 0 619 0 179 598 1 0 
879 1 415 152 67 204 0 0 
880 0 619 0 179 598 1 0 
880 1 423 150 67 208 0 0 
881 0 619 0 179 598 1 0 
881 1 432 148 67 213 0 1 
882 0 619 0 179 598 1 0 
882 1 434 147 67 213 0 1 
883 0 619 0 179 598 1 0 
883 1 437 146 67 214 0 1 
884 0 619 0 179 598 1 0 
884 1 439 146 67 214 0 1 
885 0 619 0 179 598 1 0 
885 1 442 145 67 214 0 1 
886 0 619 0 179 598 1 0 
886 1 444 144 67 215 0 1 
887 0 619 0 179 598 1 0 
887 1 447 144 67 215 0 1 
888 0 619 0 179 598 1 0 
888 1 452 143 67 215 0 1 
889 0 619 0 179 598 1 0 
889 1 458 142 67 215 0 1 
890 0 619 0 179 598 1 0 
890 1 464 141 67 216 1 1 
891 0 619 0 179 598 1 0 
891 1 463 140 67 217 1 0 
892 0 619 0 179 598 1 0 
892 1 465 140 67 219 1 0 
893 0 619 0 179 598 1 0 
893 1 467 140 68 221 1 0 
894 0 619 0 179 598 1 0 
894 1 470 140 67 223 1 0 
895 0 619 0 179 598 1 0 
895 1 472 141 68 224 1 0 
896 0 619 0 179 598 1 0 
896 1 474 141 68 226 1 0 
897 0 619 0 179 598 1 0 
897 1 477 141 68 228 1 0 
898 0 619 0 179 598 1 0 
898 1 479 142 68 229 1 0 
899 0 619 0 179 598 1 0 
899 1 481 142 69 231 1 0 
900 0 619 0 179 598 1 0 
900 1 484 142 69 233 1 0 
901 0 619 0 179 598 1 0 
901 1 486 142 69 235 1 0 
902 0 619 0 179 598 1 0 
902 1 488 143 70 236 1 0 
903 0 619 0 179 598 1 0 
903 1 491 143 69 238 1 0 
904 0 619 0 179 598 1 0 
904 1 493 143 70 240 1 0 
905 0 619 0 179 598 1 0 
905 1 496 144 69 242 1 0 
906 0 619 0 179 598 1 0 
906 1 498 144 70 244 1 0 
907 0 619 0 179 598 1 0 
907 1 500 144 70 246 1 0 
908 0 619 0 179 598 1 0 
908 1 503 145 70 247 1 0 
909 0 619 0 179 598 1 0 
909 1 505 145 71 249 1 0 
910 0 619 0 179 598 1 0 
910 1 507 145 71 251 1 0 
911 0 619 0 179 598 1 0 
911 1 510 145 71 253 1 0 
912 0 619 0 179 598 1 0 
912 1 512 146 71 254 1 0 
913 0 619 0 179 598 1 0 
913 1 514 146 72 256 1 0 
914 0 619 0 179 598 1 0 
914 1 517 146 71 258 1 0 
915 0 619 0 179 598 1 0 
915 1 519 147 72 259 1 0 
916 0 619 0 179 598 1 0 
916 1 522 147 72 261 1 0 
917 0 619 0 179 598 1 0 
917 1 524 147 72 263 1 0 
918 0 619 0 179 598 1 0 
918 1 526 147 73 266 1 0 
919 0 619 0 179 598 1 0 
919 1 529 148 72 267 1 0 
920 0 619 0 179 598 1 0 
920 1 531 148 73 269 1 0 
921 0 619 0 179 598 1 0 
921 1 533 148 73 271 1 0 
922 0 619 0 179 598 1 0 
922 1 536 149 73 272 1 0 
923 0 619 0 179 598 1 0 
923 1 538 149 73 274 1 0 
924 0 619 0 179 598 1 0 
924 1 540 149 74 276 1 0 
925 0 619 0 179 598 1 0 
925 1 543 150 74 277 1 0 
926 0 619 0 179 598 1 0 
926 1 545 150 74 279 1 0 
927 0 619 0 179 598 1 0 
927 1 548 150 74 281 1 0 
928 0 619 0 179 598 1 0 
928 1 550 150 74 283 1 0 
929 0 619 0 179 598 1 0 
929 1 552 151 75 284 1 0 
930 0 619 0 179 598 1 0 
930 1 555 151 74 286 1 0 
931 0 619 0 179 598 1 0 
931 1 557 151 75 289 1 0 
932 0 619 0 179 598 1 0 
932 1 559 152 76 290 1 0 
933 0 619 0 179 598 1 0 
933 1 562 152 75 292 1 0 
934 0 619 0 179 598 1 0 
934 1 564 152 76 294 1 0 
935 0 619 0 179 598 1 0 
935 1 566 152 76 296 1 0 
936 0 619 0 179 598 1 0 
936 1 569 153 76 297 1 0 
937 0 619 0 179 598 1 0 
937 1 571 153 76 299 1 0 
938 0 619 0 179 598 1 0 
938 1 574 153 76 301 1 0 
939 0 619 0 179 598 1 0 
939 1 576 154 76 302 1 0 
940 0 619 0 179 598 1 0 
940 1 578 154 77 304 1 0 
941 0 619 0 179 598 1 0 
941 1 581 154 77 306 1 0 
942 0 619 0 179 598 1 0 
942 1 583 155 77 307 1 0 
943 0 619 0 179 598 1 0 
943 1 585 155 78 309 1 0 
944 0 619 0 179 598 1 0 
944 1 588 155 77 312 1 0 
945 0 619 0 179 598 1 0 
945 1 590 155 78 314 1 0 
946 0 619 0 179 598 1 0 
946 1 592 156 78 315 1 0 
947 0 619 0 179 598 1 0 
947 1 595 156 78 317 1 0 
948 0 619 0 179 598 1 0 
948 1 597 156 79 319 1 0 
949 0 619 0 179 598 1 0 
949 1 599 157 79 320 1 0 
950 0 619 0 179 598 1 0 
950 1 602 157 79 322 1 0 
951 0 619 0 179 598 1 0 
951 1 604 157 79 324 1 0 
952 0 619 0 179 598 1 0 
952 1 607 158 79 325 1 0 
953 0 619 0 179 598 1 0 
953 1 609 158 79 327 1 0 
954 0 619 0 179 598 1 0 
954 1 611 158 80 329 1 0 
955 0 619 0 179 598 1 0 
955 1 614 158 79 331 1 0 
956 0 619 0 179 598 1 0 
956 1 616 159 80 332 1 0 
957 0 619 0 179 598 1 0 
957 1 618 159 81 335 1 0 
958 0 619 0 179 598 1 0 
958 1 621 159 80 337 1 0 
959 0 619 0 179 598 1 0 
959 1 623 160 81 338 1 0 
960 0 619 0 179 598 1 0 
960 1 625 160 81 340 1 0 
961 0 619 0 179 598 1 0 
961 1 628 160 81 342 1 0 
962 0 619 0 179 598 1 0 
962 1 630 160 81 344 1 0 
963 0 619 0 179 598 1 0 
963 1 633 161 81 345 1 0 
964 0 619 0 179 598 1 0 
964 1 635 161 82 347 1 0 
965 0 619 0 179 598 1 0 
965 1 637 161 82 349 1 0 
966 0 619 0 179 598 1 0 
966 1 640 162 82 350 1 0 
967 0 619 0 179 598 1 0 
967 1 642 162 82 352 1 0 
968 0 619 0 179 598 1 0 
968 1 644 162 83 354 1 0 
969 0 619 0 179 598 1 0 
969 1 647 163 82 355 1 0 
970 0 619 0 179 598 1 0 
970 1 649 163 83 358 1 0 
971 0 619 0 179 598 1 0 
971 1 651 163 83 360 1 0 
972 0 619 0 179 598 1 0 
972 1 654 163 83 362 1 0 
973 0 619 0 179 598 1 0 
973 1 656 164 84 363 1 0 
974 0 619 0 179 598 1 0 
974 1 659 164 83 365 1 0 
975 0 619 0 179 598 1 0 
975 1 661 164 84 367 1 0 
976 0 619 0 179 598 1 0 
976 1 663 165 84 368 1 0 
977 0 619 0 179 598 1 0 
977 1 666 165 84 370 1 0 
978 0 619 0 179 598 1 0 
978 1 668 165 84 372 1 0 
979 0 619 0 179 598 1 0 
979 1 670 165 85 374 1 0 
980 0 619 0 179 598 1 0 
980 1 673 166 85 375 1 0 
981 0 619 0 179 598 1 0 
981 1 675 166 85 377 1 0 
982 0 619 0 179 598 1 0 
982 1 677 166 86 379 1 0 
983 0 619 0 179 598 1 0 
983 1 680 167 85 381 1 0 
984 0 619 0 179 598 1 0 
984 1 682 167 86 383 1 0 
985 0 619 0 179 598 1 0 
985 1 685 167 85 385 1 0 
986 0 619 0 179 598 1 0 
986 1 687 168 86 386 1 0 
987 0 619 0 179 598 1 0 
987 1 689 168 86 388 1 0 
988 0 619 0 179 598 1 0 
988 1 692 168 86 390 1 0 
989 0 619 0 179 598 1 0 
989 1 694 168 87 392 1 0 
990 0 619 0 179 598 1 0 
990 1 696 169 87 393 1 0 
991 0 619 0 179 598 1 0 
991 1 699 169 87 395 1 0 
992 0 619 0 179 598 1 0 
992 1 701 169 87 397 1 0 
993 0 619 0 179 598 1 0 
993 1 703 170 88 398 1 0 
994 0 619 0 179 598 1 0 
994 1 706 170 87 400 1 0 
995 0 619 0 179 598 1 0 
995 1 708 170 88 402 1 0 
996 0 619 0 179 598 1 0 
996 1 711 171 88 404 0 1 
997 0 619 0 179 598 1 0 
997 1 698 172 101 401 0 1 
998 0 619 0 179 598 1 0 
998 1 685 173 114 399 0 1 
999 0 619 0 179 598 1 0 
999 1 672 175 127 396 0 1 
1000 0 619 0 179 598 1 0 
1000 1 659 176 140 394 0 1 
1001 0 619 0 179 598 1 0 
1001 1 647 178 152 391 0 1 
1002 0 619 0 179 598 1 0 
1002 1 634 179 165 388 0 1 
1003 0 619 0 179 598 1 0 
1003 1 621 180 178 386 0 1 
1004 0 619 0 179 598 1 0 
1004 1 608 182 191 383 0 1 
1005 0 619 0 179 598 1 0 
1005 1 595 183 204 381 0 1 
1006 0 619 0 179 598 1 0 
1006 1 583 185 216 378 0 1 
1007 0 619 0 179 598 1 0 
1007 1 574 185 211 378 0 1 
1008 0 619 0 179 598 1 0 
1008 1 566 185 206 378 0 1 
1009 0 619 0 179 598 1 0 
1009 1 558 186 201 378 0 0 
1010 0 619 0 179 598 1 0 
1010 1 549 186 196 378 0 0 
1011 0 619 0 179 598 1 0 
1011 1 541 187 191 378 0 0 
1012 0 619 0 179 598 1 0 
1012 1 533 187 186 379 0 0 
1013 0 619 0 179 598 1 0 
1013 1 524 188 182 378 0 0 
1014 0 619 0 179 598 1 0 
1014 1 516 188 177 379 0 0 
1015 0 619 0 179 598 1 0 
1015 1 508 189 172 379 0 0 
1016 0 619 0 179 598 1 0 
1016 1 499 189 172 375 0 0 
1017 0 619 0 179 598 1 0 
1017 1 490 190 172 370 0 0 
1018 0 619 0 179 598 1 0 
1018 1 482 191 171 365 0 0 
1019 0 619 0 179 598 1 0 
1019 1 473 191 171 361 0 0 
1020 0 619 0 179 598 1 0 
1020 1 464 192 171 356 0 0 
1021 0 619 0 179 598 1 0 
1021 1 456 193 171 352 0 0 
1022 0 619 0 179 598 1 0 
1022 1 441 195 170 346 0 0 
1023 0 619 0 179 598 1 0 
1023 1 432 193 168 346 0 0 
1024 0 619 0 179 598 1 0 
1024 1 424 192 165 345 0 0 
1025 0 619 0 179 598 1 0 
1025 1 416 191 162 344 0 0 
1026 0 619 0 179 598 1 0 
1026 1 407 190 161 343 0 0 
1027 0 619 0 179 598 1 0 
1027 1 399 189 158 342 0 0 
1028 0 619 0 179 598 1 0 
1028 1 391 188 155 341 0 0 
1029 0 619 0 179 598 1 0 
1029 1 383 187 153 340 0 0 
1030 0 619 0 179 598 1 0 
1030 1 377 188 153 340 0 0 
1031 0 619 0 179 598 1 0 
1031 1 372 189 153 340 0 0 
1032 0 619 0 179 598 1 0 
1032 1 374 190 153 342 0 0 
1033 0 619 0 179 598 1 0 
1033 1 376 191 153 345 0 0 
1034 0 619 0 179 598 1 0 
1034 1 378 192 153 348 0 0 
1035 0 619 0 179 598 1 0 
1035 1 380 193 153 351 0 0 
1036 0 619 0 179 598 1 0 
1036 1 382 195 153 353 0 0 
1037 0 619 0 179 598 1 0 
1037 1 382 194 153 354 0 0 
1038 0 619 0 179 598 1 0 
1038 1 382 194 153 354 0 0 
1039 0 619 0 179 598 1 0 
1039 1 382 194 153 354 0 0 
1040 0 619 0 179 598 1 0 
1040 1 382 194 153 354 0 0 
1041 0 619 0 179 598 1 0 
1041 1 382 194 153 354 0 0 
1042 0 619 0 179 598 1 0 
1042 1 382 194 153 354 0 0 
1043 0 619 0 179 598 1 0 
1043 1 382 194 153 354 0 0 
1044 0 619 0 179 598 1 0 
1044 1 378 193 155 360 0 0 
1045 0 619 0 179 598 1 0 
1045 1 374 193 157 365 0 0 
1046 0 619 0 179 598 1 0 
1046 1 370 193 160 371 0 0 
1047 0 619 0 179 598 1 0 
1047 1 367 193 161 376 0 0 
1048 0 620 0 178 598 1 0 
1048 1 363 193 164 382 0 0 
1049 0 620 0 178 598 1 0 
1049 1 359 193 166 387 0 0 
1050 0 620 0 178 598 1 0 
1050 1 356 193 168 393 0 0 
1051 0 620 0 178 598 1 0 
1051 1 353 192 168 393 0 0 
1052 0 620 0 178 598 1 0 
1052 1 350 191 168 393 0 0 
1053 0 620 0 178 598 1 0 
1053 1 348 190 167 393 0 0 
1054 0 620 0 178 598 1 0 
1054 1 345 189 167 393 0 0 
1055 0 620 0 178 598 1 0 
1055 1 342 188 167 393 0 0 
1056 0 620 0 178 598 1 0 
1056 1 340 187 167 394 0 0 
1057 0 620 0 178 598 1 0 
1057 1 337 186 166 398 0 0 
1058 0 620 0 178 598 1 0 
1058 1 334 185 166 402 0 0 
1059 0 620 0 178 598 1 0 
1059 1 331 185 166 405 0 0 
1060 0 620 0 178 598 1 0 
1060 1 328 184 166 409 0 0 
1061 0 620 0 178 598 1 0 
1061 1 325 183 166 413 0 0 
1062 0 620 0 178 598 1 0 
1062 1 322 183 166 416 0 0 
1063 0 620 0 178 598 1 0 
1063 1 321 182 166 417 0 0 
1064 0 620 0 178 598 1 0 
1064 1 321 182 166 417 0 0 
1065 0 620 0 178 598 1 0 
1065 1 321 182 165 417 0 0 
1066 0 620 0 178 598 1 0 
1066 1 320 182 166 417 0 0 
1067 0 620 0 178 598 1 0 
1067 1 320 182 165 417 0 0 
1068 0 620 0 178 598 1 0 
1068 1 320 182 165 417 0 0 
1069 0 620 0 178 598 1 0 
1069 1 319 181 165 417 0 0 
1070 0 620 0 178 598 1 0 
1070 1 319 180 164 417 0 0 
1071 0 620 0 178 598 1 0 
1071 1 319 179 164 417 0 0 
1072 0 620 0 178 598 1 0 
1072 1 317 178 166 417 0 0 
1073 0 620 0 178 598 1 0 
1073 1 316 178 167 417 0 0 
1074 0 620 0 178 598 1 0 
1074 1 314 178 169 417 0 0 
1075 0 620 0 178 598 1 0 
1075 1 313 177 170 418 0 0 
1076 0 620 0 178 598 1 0 
1076 1 311 177 172 418 0 0 
1077 0 620 0 178 598 1 0 
1077 1 310 177 173 418 0 0 
1078 0 620 0 178 598 1 0 
1078 1 309 177 175 418 0 0 
1079 0 620 0 178 598 1 0 
1079 1 305 173 182 422 0 0 
1080 0 620 0 178 598 1 0 
1080 1 302 170 189 426 0 0 
1081 0 620 0 178 598 1 0 
1081 1 298 167 196 429 0 0 
1082 0 620 0 178 598 1 0 
1082 1 295 163 203 434 0 0 
1083 0 620 0 178 598 1 0 
1083 1 291 160 210 437 0 0 
1084 0 620 0 178 598 1 0 
1084 1 288 157 217 441 0 0 
1085 0 620 0 178 598 1 0 
1085 1 288 157 216 440 0 0 
1086 0 620 0 178 598 1 0 
1086 1 288 157 216 440 0 0 
1087 0 620 0 178 598 1 0 
1087 1 288 157 216 440 0 0 
1088 0 620 0 178 598 1 0 
1088 1 288 157 216 440 0 0 
1089 0 620 0 178 598 1 0 
1089 1 288 157 216 440 0 0 
1090 0 620 0 178 598 1 0 
1090 1 288 157 216 440 0 0 
1091 0 620 0 178 598 1 0 
1091 1 288 157 216 440 0 0 
1092 0 620 0 178 598 1 0 
1092 1 288 157 216 440 0 0 
1093 0 620 0 178 598 1 0 
1093 1 288 157 216 440 0 0 
1094 0 620 0 178 598 1 0 
1094 1 288 157 216 440 0 0 
1095 0 620 0 178 598 1 0 
1095 1 288 157 216 440 0 0 
1096 0 620 0 178 598 1 0 
1096 1 288 157 216 440 0 0 
1097 0 620 0 178 598 1 0 
1097 1 288 157 216 440 0 0 
1098 0 620 0 178 598 1 0 
1098 1 288 157 216 440 0 0 
1099 0 620 0 178 598 1 0 
1099 1 288 157 216 440 0 0 
1100 0 620 0 178 598 1 0 
1100 1 288 157 215 439 0 0 
1101 0 620 0 178 598 1 0 
1101 1 288 157 215 439 0 0 
1102 0 620 0 178 598 1 0 
1102 1 288 157 215 439 0 0 
1103 0 620 0 178 598 1 0 
1103 1 288 157 215 439 0 0 
1104 0 620 0 178 598 1 0 
1104 1 288 157 215 439 0 0 
1105 0 620 0 178 598 1 0 
1105 1 288 157 215 439 0 0 
1106 0 620 0 178 598 1 0 
1106 1 288 157 215 439 0 0 
1107 0 620 0 178 598 1 0 
1107 1 288 157 215 439 0 0 
1108 0 620 0 178 598 1 0 
1108 1 288 157 215 439 0 0 
1109 0 620 0 178 598 1 0 
1109 1 288 157 215 439 0 0 
1110 0 620 0 178 598 1 0 
1110 1 289 158 214 438 0 0 
1111 0 620 0 178 598 1 0 
1111 1 289 158 214 438 0 0 
1112 0 620 0 178 598 1 0 
1112 1 289 158 214 438 0 0 
1113 0 620 0 178 598 1 0 
1113 1 289 158 214 438 0 0 
1114 0 620 0 178 598 1 0 
1114 1 289 158 214 438 0 0 
1115 0 620 0 178 598 1 0 
1115 1 289 158 213 437 0 0 
1116 0 620 0 178 598 1 0 
1116 1 289 158 213 437 0 0 
1117 0 620 0 178 598 1 0 
1117 1 289 158 213 437 0 0 
1118 0 620 0 178 598 1 0 
1118 1 289 158 213 437 0 0 
1119 0 620 0 178 598 1 0 
1119 1 289 158 213 437 0 0 
1120 0 620 0 178 598 1 0 
1120 1 289 158 213 437 0 0 
1121 0 620 0 178 598 1 0 
1121 1 289 158 213 437 0 0 
1122 0 620 0 178 598 1 0 
1122 1 289 158 213 437 0 0 
1123 0 620 0 178 598 1 0 
1123 1 289 158 213 437 0 0 
1124 0 620 0 178 598 1 0 
1124 1 289 158 213 437 0 0 
1125 0 620 0 178 598 1 0 
1125 1 289 158 213 437 0 0 
1126 0 620 0 178 598 1 0 
1126 1 289 158 213 437 0 0 
1127 0 620 0 178 598 1 0 
1127 1 289 158 213 437 0 0 
1128 0 620 0 178 598 1 0 
1128 1 289 158 213 437 0 0 
1129 0 620 0 178 598 1 0 
1129 1 289 158 213 437 0 0 
1130 0 620 0 178 598 1 0 
1130 1 289 158 213 437 0 0 
1131 0 620 0 178 598 1 0 
1131 1 289 158 212 436 0 0 
1132 0 620 0 178 598 1 0 
1132 1 289 158 212 436 0 0 
1133 0 620 0 178 598 1 0 
1133 1 289 158 212 436 0 0 
1134 0 620 0 178 598 1 0 
1134 1 289 158 212 436 0 0 
1135 0 620 0 178 598 1 0 
1135 1 289 158 212 436 0 0 
1136 0 620 0 178 598 1 0 
1136 1 290 159 211 435 0 0 
1137 0 620 0 178 598 1 0 
1137 1 290 159 211 435 0 0 
1138 0 620 0 178 598 1 0 
1138 1 290 159 211 435 0 0 
1139 0 620 0 178 598 1 0 
1139 1 290 159 211 435 0 0 
1140 0 620 0 178 598 1 0 
1140 1 290 159 211 435 0 0 
1141 0 620 0 178 598 1 0 
1141 1 290 159 211 435 0 0 
1142 0 620 0 178 598 1 0 
1142 1 290 159 211 435 0 0 
1143 0 620 0 178 598 1 0 
1143 1 290 159 211 435 0 0 
1144 0 620 0 178 598 1 0 
1144 1 290 159 211 435 0 0 
1145 0 620 0 178 598 1 0 
1145 1 290 159 211 435 0 0 
1146 0 620 0 178 598 1 0 
1146 1 290 159 210 434 0 0 
1147 0 620 0 178 598 1 0 
1147 1 290 159 210 434 0 0 
1148 0 620 0 178 598 1 0 
1148 1 290 159 210 434 0 0 
1149 0 620 0 178 598 1 0 
1149 1 290 159 210 434 0 0 
1150 0 620 0 178 598 1 0 
1150 1 290 159 210 434 0 0 
1151 0 620 0 178 598 1 0 
1151 1 290 159 210 434 0 0 
1152 0 620 0 178 598 1 0 
1152 1 290 159 210 434 0 0 
1153 0 620 0 178 598 1 0 
1153 1 290 159 210 434 0 0 
1154 0 620 0 178 598 1 0 
1154 1 290 159 210 434 0 0 
1155 0 620 0 178 598 1 0 
1155 1 290 159 210 434 0 0 
1156 0 620 0 178 598 1 0 
1156 1 290 159 210 434 0 0 
1157 0 620 0 178 598 1 0 
1157 1 290 159 210 434 0 0 
1158 0 620 0 178 598 1 0 
1158 1 290 159 210 434 0 0 
1159 0 620 0 178 598 1 0 
1159 1 290 159 210 434 0 0 
1160 0 620 0 178 598 1 0 
1160 1 290 159 210 434 0 0 
1161 0 620 0 178 598 1 0 
1161 1 291 160 209 433 0 0 
1162 0 620 0 178 598 1 0 
1162 1 291 158 209 433 0 0 
1163 0 620 0 178 598 1 0 
1163 1 292 156 209 433 0 0 
1164 0 620 0 178 598 1 0 
1164 1 292 154 209 433 0 0 
1165 0 620 0 178 598 1 0 
1165 1 293 152 209 433 0 0 
1166 0 620 0 178 598 1 0 
1166 1 294 150 208 433 0 0 
1167 0 620 0 178 598 1 0 
1167 1 294 148 209 433 0 0 
1168 0 620 0 178 598 1 0 
1168 1 295 146 208 433 0 0 
1169 0 620 0 178 598 1 0 
1169 1 296 144 208 434 0 0 
1170 0 620 0 178 598 1 0 
1170 1 305 136 191 447 0 0 
1171 0 620 0 178 598 1 0 
1171 1 315 129 174 460 0 0 
1172 0 620 0 178 598 1 0 
1172 1 316 112 172 474 0 0 
1173 0 620 0 178 598 1 0 
1173 1 317 96 170 488 0 0 
1174 0 620 0 178 598 1 0 
1174 1 319 80 168 502 0 0 
1175 0 620 0 178 598 1 0 
1175 1 318 72 168 502 0 0 
1176 0 620 0 178 598 1 0 
1176 1 318 64 167 502 0 0 
1177 0 620 0 178 598 1 0 
1177 1 318 56 167 502 0 0 
1178 0 620 0 178 598 1 0 
1178 1 321 59 165 494 0 0 
1179 0 620 0 178 598 1 0 
1179 1 325 63 162 486 0 0 
1180 0 620 0 178 598 1 0 
1180 1 328 66 161 478 0 0 
1181 0 620 0 178 598 1 0 
1181 1 332 70 158 470 0 0 
1182 0 620 0 178 598 1 0 
1182 1 336 74 156 462 0 0 
1183 0 620 0 178 598 1 0 
1183 1 337 73 156 465 0 0 
1184 0 620 0 178 598 1 0 
1184 1 339 72 156 468 0 0 
1185 0 620 0 178 598 1 0 
1185 1 341 71 156 471 0 0 
1186 0 620 0 178 598 1 0 
1186 1 343 70 156 474 0 0 
1187 0 620 0 178 598 1 0 
1187 1 345 69 156 477 0 0 
1188 0 620 0 178 598 1 0 
1188 1 347 69 156 480 0 0 
1189 0 620 0 178 598 1 0 
1189 1 345 65 156 480 0 0 
1190 0 620 0 178 598 1 0 
1190 1 344 61 156 480 0 0 
1191 0 620 0 178 598 1 0 
1191 1 343 58 156 480 0 0 
1192 0 620 0 178 598 1 0 
1192 1 342 54 156 480 0 0 
1193 0 620 0 178 598 1 0 
1193 1 341 50 156 480 0 0 
1194 0 620 0 178 598 1 0 
1194 1 340 47 156 480 0 0 
1195 0 620 0 178 598 1 0 
1195 1 339 45 156 488 0 0 
1196 0 620 0 178 598 1 0 
1196 1 338 43 156 496 0 0 
1197 0 620 0 178 598 1 0 
1197 1 337 41 156 505 0 0 
1198 0 620 0 178 598 1 0 
1198 1 336 39 156 513 0 0 
1199 0 620 0 178 598 1 0 
1199 1 335 37 156 521 0 0 
1200 0 620 0 178 598 1 0 
1200 1 334 36 156 529 0 0 
1201 0 620 0 178 598 1 0 
1201 1 332 34 157 534 0 0 
1202 0 620 0 178 598 1 0 
1202 1 330 32 159 539 0 0 
1203 0 620 0 178 598 1 0 
1203 1 328 30 160 544 0 0 
1204 0 620 0 178 598 1 0 
1204 1 326 28 162 550 0 0 
1205 0 620 0 178 598 1 0 
1205 1 324 26 164 555 0 0 
1206 0 620 0 178 598 1 0 
1206 1 322 24 165 560 0 0 
1207 0 620 0 178 598 1 0 
1207 1 320 22 167 566 0 0 
1208 0 620 0 178 598 1 0 
1208 1 318 20 168 571 0 0 
1209 0 620 0 178 598 1 0 
1209 1 316 18 170 576 0 0 
1210 0 620 0 178 598 1 0 
1210 1 315 16 171 582 0 0 
1211 0 620 0 178 598 1 0 
1211 1 313 14 172 584 0 0 
1212 0 620 0 178 598 1 0 
1212 1 311 13 174 585 0 0 
1213 0 620 0 178 598 1 0 
1213 1 309 11 175 587 0 0 
1214 0 620 0 178 598 1 0 
1214 1 307 10 177 588 0 0 
1215 0 620 0 178 598 1 0 
1215 1 305 8 179 590 0 0 
1216 0 620 0 178 598 1 0 
1216 1 303 7 180 591 0 0 
1217 0 620 0 178 598 1 0 
1217 1 301 5 182 593 0 0 
1218 0 620 0 178 598 1 0 
1218 1 299 4 184 594 0 0 
1219 0 620 0 178 598 1 0 
1219 1 297 2 185 596 0 0 
1220 0 620 0 178 598 1 0 
1220 1 295 1 187 597 0 0 
1221 0 620 0 178 598 1 0 
1221 1 294 0 188 599 0 0 
1222 0 621 0 178 599 0 1 
1222 1 295 3 184 596 0 0 
1223 0 601 8 184 591 0 1 
1223 1 296 7 181 592 0 0 
1224 0 581 17 190 582 0 1 
1224 1 297 10 178 589 0 0 
1225 0 562 26 195 573 0 1 
1225 1 299 14 173 585 0 0 
1226 0 542 35 201 564 0 1 
1226 1 300 17 170 582 0 0 
1227 0 522 44 207 555 0 1 
1227 1 301 21 167 578 0 0 
1228 0 503 53 212 546 0 1 
1228 1 303 25 163 574 0 0 
1229 0 500 56 212 543 0 0 
1229 1 295 39 160 560 0 0 
1230 0 489 58 205 530 0 0 
1230 1 287 53 158 546 0 0 
1231 0 478 61 198 516 0 0 
1231 1 280 67 154 532 0 0 
1232 0 467 64 192 502 0 0 
1232 1 272 81 152 518 0 0 
1233 0 457 67 184 488 0 0 
1233 1 265 95 149 504 0 0 
1234 0 446 70 178 474 0 0 
1234 1 281 98 127 464 0 0 
1235 0 435 73 171 460 0 0 
1235 1 298 101 105 424 0 0 
1236 0 425 76 164 446 0 0 
1236 1 315 105 83 384 0 0 
1237 0 425 77 159 445 0 0 
1237 1 314 108 91 373 0 0 
1238 0 425 79 154 443 0 0 
1238 1 314 112 98 361 0 0 
1239 0 425 80 149 442 0 0 
1239 1 313 116 106 349 0 0 
1240 0 425 82 145 440 0 0 
1240 1 313 120 113 337 0 0 
1241 0 425 83 140 439 0 0 
1241 1 312 121 113 331 0 0 
1242 0 425 85 135 437 0 0 
1242 1 311 123 113 324 0 0 
1243 0 425 86 130 436 0 0 
1243 1 322 124 101 309 0 0 
1244 0 425 88 126 434 0 0 
1244 1 333 126 90 293 0 0 
1245 0 425 89 121 433 0 0 
1245 1 344 127 79 278 0 0 
1246 0 425 91 116 431 0 0 
1246 1 356 129 67 262 0 0 
1247 0 425 93 112 429 0 0 
1247 1 359 130 67 263 0 0 
1248 0 425 95 112 412 0 0 
1248 1 362 132 67 263 0 0 
1249 0 426 97 112 396 0 0 
1249 1 366 134 67 263 0 0 
1250 0 426 99 112 380 0 0 
1250 1 367 138 68 256 0 0 
1251 0 427 101 112 364 0 0 
1251 1 369 142 68 250 0 0 
1252 0 427 103 112 348 0 0 
1252 1 371 146 68 244 0 0 
1253 0 428 105 112 332 0 0 
1253 1 371 146 69 238 0 0 
1254 0 426 106 110 329 0 0 
1254 1 372 147 69 231 0 0 
1255 0 425 107 108 326 0 0 
1255 1 372 147 70 225 0 0 
1256 0 424 108 106 323 0 0 
1256 1 373 148 71 219 0 0 
1257 0 423 110 104 320 0 0 
1257 1 373 148 72 213 0 0 
1258 0 422 111 102 317 0 0 
1258 1 372 150 70 210 0 0 
1259 0 421 112 100 314 0 0 
1259 1 372 152 68 208 0 0 
1260 0 419 113 98 311 0 0 
1260 1 372 154 65 206 0 0 
1261 0 418 115 96 308 0 0 
1261 1 371 156 64 203 0 0 
1262 0 417 116 94 305 0 0 
1262 1 371 158 61 201 0 0 
1263 0 416 117 92 302 0 0 
1263 1 371 160 59 199 0 0 
1264 0 415 118 90 299 0 0 
1264 1 371 163 57 196 0 0 
1265 0 414 120 88 296 0 0 
1265 1 370 163 57 192 0 0 
1266 0 413 122 88 289 0 0 
1266 1 370 164 57 187 0 0 
1267 0 413 124 87 283 0 0 
1267 1 370 165 57 183 0 0 
1268 0 413 126 86 277 0 0 
1268 1 369 166 58 178 0 0 
1269 0 412 128 86 271 0 0 
1269 1 369 167 58 174 0 0 
1270 0 412 130 85 265 0 0 
1270 1 369 168 58 169 0 0 
1271 0 412 132 84 259 0 0 
1271 1 369 169 58 165 0 0 
1272 0 411 134 84 253 0 0 
1272 1 369 169 58 163 0 0 
1273 0 411 136 83 247 0 0 
1273 1 369 169 59 161 0 0 
1274 0 411 138 83 241 0 0 
1274 1 370 170 58 158 0 0 
1275 0 410 139 82 238 0 0 
1275 1 370 170 59 156 0 0 
1276 0 409 140 82 236 0 0 
1276 1 371 171 58 153 0 0 
1277 0 409 141 81 234 0 0 
1277 1 371 171 59 151 0 0 
1278 0 408 142 81 232 0 0 
1278 1 372 172 59 149 0 0 
1279 0 408 143 80 230 0 0 
1279 1 371 172 58 148 0 0 
1280 0 407 144 80 228 0 0 
1280 1 371 173 57 146 0 0 
1281 0 407 145 79 226 0 0 
1281 1 370 173 57 146 0 0 
1282 0 406 146 78 224 0 0 
1282 1 370 174 56 144 0 0 
1283 0 405 147 78 222 0 0 
1283 1 370 174 54 143 0 0 
1284 0 405 148 77 220 0 0 
1284 1 369 175 54 142 0 0 
1285 0 404 149 77 218 0 0 
1285 1 369 175 53 141 0 0 
1286 0 404 150 76 216 0 0 
1286 1 369 176 52 140 0 0 
1287 0 403 151 76 214 0 0 
1287 1 370 176 51 139 0 0 
1288 0 403 153 75 211 0 0 
1288 1 371 176 50 139 0 0 
1289 0 403 153 74 209 0 0 
1289 1 372 176 50 138 0 0 
1290 0 403 153 74 207 0 0 
1290 1 373 176 49 138 0 0 
1291 0 403 154 73 204 0 0 
1291 1 374 176 49 137 0 0 
1292 0 404 154 72 202 0 0 
1292 1 375 176 48 137 0 0 
1293 0 404 154 72 200 0 0 
1293 1 377 176 47 136 0 0 
1294 0 404 155 71 197 0 0 
1294 1 378 176 46 136 0 0 
1295 0 405 155 70 196 0 0 
1295 1 379 176 45 135 0 0 
1296 0 405 156 69 193 0 0 
1296 1 380 176 45 135 0 0 
1297 0 405 156 69 191 0 0 
1297 1 381 176 44 134 0 0 
1298 0 406 156 68 189 0 0 
1298 1 382 176 44 134 0 0 
1299 0 406 157 67 186 0 0 
1299 1 383 176 43 133 0 0 
1300 0 406 157 67 184 0 0 
1300 1 385 176 42 133 0 0 
1301 0 407 158 66 182 0 0 
1301 1 388 175 42 133 0 0 
1302 0 409 157 66 183 0 0 
1302 1 391 175 42 132 0 1 
1303 0 411 157 67 183 0 0 
1303 1 394 174 42 132 0 1 
1304 0 413 157 68 183 0 0 
1304 1 397 174 43 132 0 1 
1305 0 415 157 69 183 0 0 
1305 1 400 174 43 131 0 1 
1306 0 417 157 70 183 0 0 
1306 1 403 174 44 131 0 1 
1307 0 419 157 70 184 0 0 
1307 1 406 174 44 130 0 1 
1308 0 421 157 71 184 0 0 
1308 1 410 174 44 130 0 1 
1309 0 423 157 72 184 0 0 
1309 1 413 174 44 130 0 1 
1310 0 425 157 73 184 0 0 
1310 1 416 175 44 130 0 1 
1311 0 427 157 74 184 0 0 
1311 1 419 176 44 130 0 1 
1312 0 430 157 74 185 0 0 
1312 1 422 177 44 130 0 1 
1313 0 438 157 74 184 0 0 
1313 1 425 175 44 133 0 1 
1314 0 446 158 74 182 0 0 
1314 1 428 173 45 136 0 0 
1315 0 454 158 74 181 0 0 
1315 1 430 173 45 136 0 0 
1316 0 462 159 74 180 0 0 
1316 1 433 174 45 135 0 0 
1317 0 465 160 74 180 0 1 
1317 1 435 175 45 135 0 0 
1318 0 469 160 74 180 0 1 
1318 1 438 176 45 134 0 0 
1319 0 473 160 74 180 0 1 
1319 1 440 176 46 134 0 0 
1320 0 477 160 74 180 0 1 
1320 1 443 177 45 134 0 0 
1321 0 481 160 74 180 0 1 
1321 1 445 178 46 133 0 0 
1322 0 485 160 74 180 0 1 
1322 1 448 179 46 133 0 0 
1323 0 489 160 74 180 0 1 
1323 1 448 175 47 138 0 0 
1324 0 490 160 74 180 0 1 
1324 1 448 175 47 137 0 0 
1325 0 492 160 74 180 0 1 
1325 1 448 175 47 137 0 0 
1326 0 494 160 74 180 0 1 
1326 1 449 174 47 138 0 0 
1327 0 496 160 74 180 0 1 
1327 1 450 173 47 139 0 0 
1328 0 498 160 74 180 0 1 
1328 1 451 173 48 140 0 0 
1329 0 500 160 74 180 0 1 
1329 1 452 172 48 141 0 0 
1330 0 502 160 74 180 0 1 
1330 1 453 171 48 142 0 0 
1331 0 504 160 74 180 0 1 
1331 1 455 171 48 143 0 0 
1332 0 506 160 74 180 0 1 
1332 1 457 171 49 143 0 0 
1333 0 511 159 74 182 0 1 
1333 1 460 171 50 144 0 0 
1334 0 516 158 74 184 0 1 
1334 1 463 172 51 143 0 0 
1335 0 521 157 74 186 0 1 
1335 1 466 172 52 144 0 0 
1336 0 527 156 74 189 0 1 
1336 1 469 172 53 144 0 0 
1337 0 532 155 74 191 0 1 
1337 1 472 173 54 144 0 0 
1338 0 537 154 74 193 0 1 
1338 1 472 172 56 145 0 0 
1339 0 543 154 74 195 0 1 
1339 1 473 172 58 146 0 0 
1340 0 543 154 74 195 0 1 
1340 1 473 171 61 147 0 0 
1341 0 543 154 74 195 0 1 
1341 1 474 171 63 148 0 0 
1342 0 543 154 74 195 0 1 
1342 1 474 170 66 149 0 0 
1343 0 543 154 74 195 0 0 
1343 1 475 170 68 150 0 0 
1344 0 543 153 75 196 0 0 
1344 1 473 169 68 151 0 0 
1345 0 543 153 77 197 0 0 
1345 1 472 168 68 152 0 0 
1346 0 543 153 78 198 0 0 
1346 1 471 168 68 153 0 0 
1347 0 543 153 80 199 0 0 
1347 1 469 167 69 154 0 0 
1348 0 543 152 82 200 0 0 
1348 1 468 167 69 155 0 0 
1349 0 543 152 83 201 0 0 
1349 1 467 166 69 156 0 0 
1350 0 543 152 85 202 0 0 
1350 1 465 166 70 157 0 0 
1351 0 543 152 87 203 0 0 
1351 1 464 165 70 158 0 0 
1352 0 546 151 87 205 0 0 
1352 1 463 165 70 159 0 0 
1353 0 550 151 86 206 0 0 
1353 1 463 165 68 159 0 0 
1354 0 553 150 86 209 0 0 
1354 1 464 166 66 158 0 0 
1355 0 557 150 85 210 0 0 
1355 1 465 167 63 158 0 0 
1356 0 560 149 85 213 0 0 
1356 1 465 167 62 158 0 0 
1357 0 564 149 84 214 0 0 
1357 1 466 168 59 157 0 0 
1358 0 568 149 83 216 0 0 
1358 1 467 169 57 157 0 0 
1359 0 570 148 86 219 0 0 
1359 1 466 168 57 158 0 0 
1360 0 573 147 89 223 0 0 
1360 1 465 167 58 160 0 0 
1361 0 576 146 91 226 0 0 
1361 1 464 167 58 160 0 0 
1362 0 579 145 94 230 0 0 
1362 1 464 166 58 162 0 0 
1363 0 581 144 98 234 0 0 
1363 1 463 166 58 162 0 0 
1364 0 584 143 100 237 0 0 
1364 1 462 165 59 164 0 0 
1365 0 587 142 103 241 0 0 
1365 1 461 164 59 165 0 0 
1366 0 590 141 106 245 0 0 
1366 1 461 164 59 166 0 0 
1367 0 594 138 110 252 0 0 
1367 1 460 163 59 167 0 0 
1368 0 599 135 114 259 0 0 
1368 1 459 163 60 168 0 0 
1369 0 603 132 118 266 0 0 
1369 1 458 162 60 169 0 0 
1370 0 608 129 122 273 0 0 
1370 1 458 162 60 170 0 0 
1371 0 613 127 126 280 0 0 
1371 1 454 161 60 174 0 0 
1372 0 613 125 126 283 0 0 
1372 1 450 160 61 178 0 0 
1373 0 614 123 126 287 0 0 
1373 1 446 159 61 183 0 0 
1374 0 615 122 126 290 0 0 
1374 1 442 158 62 187 0 0 
1375 0 616 120 126 293 0 0 
1375 1 439 158 61 191 0 0 
1376 0 617 119 126 296 0 0 
1376 1 435 157 62 195 0 0 
1377 0 618 117 126 300 0 0 
1377 1 431 156 62 199 0 0 
1378 0 619 116 126 303 0 0 
1378 1 427 155 63 204 0 0 
1379 0 620 114 126 315 0 0 
1379 1 423 154 63 208 0 0 
1380 0 621 113 126 327 0 0 
1380 1 420 154 63 212 0 0 
1381 0 616 113 124 326 0 0 
1381 1 407 151 67 217 0 0 
1382 0 612 113 122 325 0 0 
1382 1 395 149 70 222 0 0 
1383 0 608 113 119 325 0 0 
1383 1 382 146 74 227 0 0 
1384 0 604 113 117 324 0 0 
1384 1 370 144 78 232 0 0 
1385 0 600 113 115 324 0 0 
1385 1 358 141 81 238 0 0 
1386 0 595 111 115 324 0 0 
1386 1 345 139 85 242 0 0 
1387 0 591 110 115 324 0 0 
1387 1 333 136 88 248 0 0 
1388 0 586 109 115 324 0 0 
1388 1 321 134 92 253 0 0 
1389 0 582 108 115 324 0 0 
1389 1 300 129 97 265 0 0 
1390 0 578 107 115 324 0 0 
1390 1 279 125 103 277 0 0 
1391 0 571 108 115 322 0 0 
1391 1 258 121 109 288 0 0 
1392 0 564 110 115 319 0 0 
1392 1 237 117 115 300 0 0 
1393 0 558 112 115 317 0 0 
1393 1 216 113 121 311 0 0 
1394 0 551 114 115 314 0 0 
1394 1 196 109 126 323 0 0 
1395 0 544 116 115 312 0 0 
1395 1 162 102 140 351 0 0 
1396 0 538 118 115 309 0 0 
1396 1 128 96 154 379 0 0 
1397 0 531 120 115 307 0 0 
1397 1 94 89 168 408 0 0 
1398 0 524 122 115 304 0 0 
1398 1 60 83 182 436 0 0 
1399 0 518 124 115 302 0 0 
1399 1 27 77 195 464 0 1 
1400 0 511 126 115 299 0 0 
1400 1 0 69 193 516 0 1 
1401 0 505 128 115 297 0 0 
1401 1 0 53 158 533 0 1 
1402 0 499 130 113 289 0 0 
1402 1 0 37 124 550 0 1 
1403 0 494 132 111 282 0 0 
1403 1 0 22 90 567 0 1 
1404 0 489 134 109 275 0 0 
1404 1 0 23 41 566 1 1 
1405 0 483 137 107 266 0 0 
1405 1 1 23 41 565 1 0 
1406 0 478 139 105 259 0 0 
1406 1 0 22 47 566 1 0 
1407 0 473 141 103 252 0 0 
1407 1 0 21 52 567 1 0 
1408 0 468 144 101 244 0 0 
1408 1 0 20 58 569 1 0 
1409 0 462 144 99 240 0 0 
1409 1 0 20 63 569 1 0 
1410 0 456 145 97 235 0 0 
1410 1 0 19 68 570 1 0 
1411 0 450 146 95 230 0 0 
1411 1 0 18 74 572 1 0 
1412 0 444 147 93 226 0 0 
1412 1 0 17 79 573 1 0 
1413 0 449 147 91 222 0 0 
1413 1 0 17 84 573 1 0 
1414 0 454 147 90 218 0 0 
1414 1 0 16 90 575 1 0 
1415 0 460 148 88 214 0 0 
1415 1 0 15 95 576 1 0 
1416 0 459 149 88 214 0 0 
1416 1 0 14 100 577 1 0 
1417 0 459 150 88 214 0 0 
1417 1 0 14 106 578 1 0 
1418 0 459 151 88 214 0 0 
1418 1 0 13 111 579 1 0 
1419 0 459 152 88 214 0 0 
1419 1 0 12 116 580 1 0 
1420 0 459 153 88 214 0 0 
1420 1 0 11 122 582 1 0 
1421 0 452 153 83 208 0 0 
1421 1 0 11 127 582 1 0 
1422 0 446 154 78 201 0 0 
1422 1 0 10 133 584 1 0 
1423 0 439 155 74 194 0 0 
1423 1 0 9 138 585 1 0 
1424 0 433 156 69 187 0 0 
1424 1 0 8 143 586 1 0 
1425 0 427 157 64 180 0 0 
1425 1 0 8 149 587 1 0 
1426 0 421 158 62 180 0 0 
1426 1 0 7 154 588 1 0 
1427 0 415 159 61 180 0 0 
1427 1 0 6 159 589 1 0 
1428 0 409 160 60 180 0 0 
1428 1 0 5 165 591 1 0 
1429 0 404 161 58 180 0 0 
1429 1 0 5 170 591 1 0 
1430 0 400 161 58 177 0 0 
1430 1 0 4 175 592 1 0 
1431 0 397 162 58 173 0 0 
1431 1 0 3 181 594 1 0 
1432 0 394 163 58 169 0 0 
1432 1 0 2 186 595 1 0 
1433 0 391 164 58 165 0 0 
1433 1 0 2 191 595 1 0 
1434 0 388 165 58 161 0 0 
1434 1 0 1 197 597 1 0 
1435 0 383 165 57 159 0 0 
1435 1 0 0 202 598 1 0 
1436 0 378 165 56 158 0 0 
1436 1 0 0 208 599 0 1 
1437 0 373 166 55 156 0 0 
1437 1 6 3 208 596 0 1 
1438 0 368 166 54 154 0 0 
1438 1 12 6 208 593 0 1 
1439 0 363 166 53 153 0 0 
1439 1 19 9 207 590 0 1 
1440 0 358 167 52 151 0 0 
1440 1 25 12 207 587 0 1 
1441 0 349 167 52 151 0 0 
1441 1 32 16 207 583 0 0 
1442 0 341 168 52 151 0 0 
1442 1 55 26 193 554 0 0 
1443 0 332 168 52 151 0 0 
1443 1 78 37 180 524 0 0 
1444 0 324 169 52 151 0 0 
1444 1 102 48 166 495 0 0 
1445 0 316 170 52 151 0 0 
1445 1 125 58 152 466 0 0 
1446 0 304 169 52 151 0 0 
1446 1 148 69 139 436 0 0 
1447 0 293 169 52 151 0 0 
1447 1 172 80 125 407 0 0 
1448 0 282 169 52 151 0 1 
1448 1 183 83 124 396 0 0 
1449 0 273 169 52 151 0 1 
1449 1 195 86 122 385 0 0 
1450 0 264 169 52 151 0 1 
1450 1 206 89 121 374 0 0 
1451 0 256 169 52 151 1 1 
1451 1 218 92 119 363 0 0 
1452 0 256 169 52 151 1 0 
1452 1 230 96 117 351 0 0 
1453 0 253 167 54 155 1 0 
1453 1 241 98 115 347 0 0 
1454 0 251 166 55 158 1 0 
1454 1 252 100 113 343 0 0 
1455 0 249 164 56 163 1 0 
1455 1 263 102 111 339 0 0 
1456 0 247 163 57 166 1 0 
1456 1 274 104 109 335 0 0 
1457 0 244 161 60 171 1 0 
1457 1 286 107 106 331 0 0 
1458 0 242 160 61 174 1 0 
1458 1 293 110 105 324 0 0 
1459 0 240 158 62 179 1 0 
1459 1 301 114 103 316 0 0 
1460 0 238 157 63 182 1 0 
1460 1 309 118 101 308 0 0 
1461 0 235 155 66 187 1 0 
1461 1 317 122 99 300 0 0 
1462 0 233 154 67 190 1 0 
1462 1 325 126 97 292 0 0 
1463 0 231 152 68 194 1 0 
1463 1 333 130 96 284 0 0 
1464 0 229 151 69 198 1 0 
1464 1 340 131 101 285 0 0 
1465 0 226 149 72 202 1 0 
1465 1 348 132 105 286 0 0 
1466 0 224 148 73 206 1 0 
1466 1 356 134 109 287 0 0 
1467 0 222 146 74 210 1 0 
1467 1 364 135 113 288 0 0 
1468 0 220 145 75 214 1 0 
1468 1 372 137 118 289 0 0 
1469 0 217 143 78 218 1 0 
1469 1 385 136 114 285 0 0 
1470 0 215 142 79 222 1 0 
1470 1 399 135 109 281 0 0 
1471 0 213 140 80 226 1 0 
1471 1 413 134 104 278 0 0 
1472 0 211 139 81 229 1 0 
1472 1 427 133 99 274 0 0 
1473 0 208 137 84 234 1 0 
1473 1 441 132 94 270 0 0 
1474 0 206 136 85 237 1 0 
1474 1 455 131 90 267 0 0 
1475 0 204 134 86 242 1 0 
1475 1 464 130 90 268 0 0 
1476 0 202 133 87 245 1 0 
1476 1 473 129 90 269 0 0 
1477 0 199 131 90 250 1 0 
1477 1 482 128 91 270 0 0 
1478 0 197 130 91 253 1 0 
1478 1 491 127 91 271 0 0 
1479 0 195 128 92 258 1 0 
1479 1 501 126 91 273 0 0 
1480 0 193 127 93 261 1 0 
1480 1 512 127 91 274 0 0 
1481 0 190 126 96 264 1 0 
1481 1 523 128 91 275 0 0 
1482 0 188 124 97 269 1 0 
1482 1 527 129 94 273 0 0 
1483 0 186 123 98 272 1 0 
1483 1 532 130 97 272 0 0 
1484 0 184 121 99 277 1 0 
1484 1 537 132 100 270 0 0 
1485 0 181 120 102 280 1 0 
1485 1 540 129 104 276 0 0 
1486 0 179 118 103 285 1 0 
1486 1 544 127 107 281 0 0 
1487 0 177 117 104 288 1 0 
1487 1 548 127 107 280 0 0 
1488 0 175 115 105 293 1 0 
1488 1 553 127 107 279 0 0 
1489 0 172 114 108 296 1 0 
1489 1 557 127 108 279 0 0 
1490 0 170 112 109 301 1 0 
1490 1 562 127 108 278 0 0 
1491 0 168 111 110 304 1 0 
1491 1 566 127 109 278 0 0 
1492 0 166 109 111 308 1 0 
1492 1 571 127 109 277 0 0 
1493 0 163 108 114 312 1 0 
1493 1 576 128 109 276 0 0 
1494 0 161 106 115 316 1 0 
1494 1 569 128 109 277 0 0 
1495 0 159 105 116 320 1 0 
1495 1 563 128 109 278 0 0 
1496 0 157 103 117 324 1 0 
1496 1 561 127 109 280 0 0 
1497 0 154 102 120 328 1 0 
1497 1 559 127 109 281 0 0 
1498 0 152 100 121 332 1 0 
1498 1 557 127 109 282 0 0 
1499 0 150 99 122 336 1 0 
1499 1 555 127 109 283 0 0 
1500 0 148 97 123 340 1 0 
1500 1 553 127 110 284 0 0 
1501 0 145 96 126 343 1 0 
1501 1 552 126 110 285 0 0 
1502 0 143 94 127 348 1 0 
1502 1 551 125 110 287 0 0 
1503 0 141 93 128 351 1 0 
1503 1 550 125 110 287 0 0 
1504 0 139 91 129 356 1 0 
1504 1 549 124 110 289 0 0 
1505 0 136 90 132 359 1 0 
1505 1 548 123 111 290 0 0 
1506 0 134 88 133 364 1 0 
1506 1 547 123 111 291 0 0 
1507 0 132 87 134 367 1 0 
1507 1 546 122 111 292 0 0 
1508 0 130 85 135 372 1 0 
1508 1 545 121 111 294 0 0 
1509 0 128 84 137 375 1 0 
1509 1 544 121 112 295 0 0 
1510 0 125 83 139 378 1 0 
1510 1 538 120 109 294 0 0 
1511 0 123 81 140 383 1 0 
1511 1 532 120 107 293 0 0 
1512 0 121 80 141 386 1 0 
1512 1 527 120 103 291 0 0 
1513 0 119 78 142 391 1 0 
1513 1 521 120 101 290 0 0 
1514 0 116 77 145 394 1 0 
1514 1 516 120 98 289 0 0 
1515 0 114 75 146 399 1 0 
1515 1 519 119 100 294 0 0 
1516 0 112 74 147 402 1 0 
1516 1 523 118 102 299 0 0 
1517 0 110 72 148 407 1 0 
1517 1 527 117 103 304 0 0 
1518 0 107 71 151 410 1 0 
1518 1 531 116 105 310 0 0 
1519 0 105 69 152 414 1 0 
1519 1 531 116 105 308 0 0 
1520 0 103 68 153 418 1 0 
1520 1 532 116 105 307 0 0 
1521 0 101 66 154 422 1 0 
1521 1 532 117 106 304 0 0 
1522 0 98 65 157 426 1 0 
1522 1 533 117 106 303 0 0 
1523 0 96 63 158 430 1 0 
1523 1 533 117 107 301 0 0 
1524 0 94 62 159 434 1 0 
1524 1 534 118 107 299 0 0 
1525 0 92 60 160 438 1 0 
1525 1 528 117 107 302 0 0 
1526 0 89 59 163 442 1 0 
1526 1 522 116 107 305 0 0 
1527 0 87 57 164 446 1 0 
1527 1 516 116 108 307 0 0 
1528 0 85 56 165 450 1 0 
1528 1 510 115 108 310 0 0 
1529 0 83 54 166 454 1 0 
1529 1 505 115 108 313 0 0 
1530 0 80 53 169 457 1 0 
1530 1 494 113 111 317 0 0 
1531 0 78 51 170 462 1 0 
1531 1 484 112 114 321 0 0 
1532 0 76 50 171 465 1 0 
1532 1 474 110 117 326 0 0 
1533 0 74 48 172 470 1 0 
1533 1 464 109 120 330 0 0 
1534 0 71 47 175 473 1 0 
1534 1 459 107 120 333 0 0 
1535 0 69 45 176 478 1 0 
1535 1 454 105 120 336 0 0 
1536 0 67 44 177 481 1 0 
1536 1 449 103 120 339 0 0 
1537 0 65 42 178 486 1 0 
1537 1 444 102 121 341 0 0 
1538 0 62 41 181 489 1 0 
1538 1 439 100 121 344 0 0 
1539 0 60 40 182 492 1 0 
1539 1 434 98 121 347 0 0 
1540 0 58 38 183 497 1 0 
1540 1 429 96 121 350 0 0 
1541 0 56 37 184 500 1 0 
1541 1 424 95 122 353 0 0 
1542 0 53 35 187 505 1 0 
1542 1 425 97 117 349 0 0 
1543 0 51 34 188 508 1 0 
1543 1 427 100 111 344 0 0 
1544 0 49 32 189 513 1 0 
1544 1 429 103 105 340 0 0 
1545 0 47 31 190 516 1 0 
1545 1 431 105 99 336 0 0 
1546 0 44 29 193 521 1 0 
1546 1 433 108 93 331 0 0 
1547 0 42 28 194 524 1 0 
1547 1 435 111 87 327 0 0 
1548 0 40 26 195 528 1 0 
1548 1 439 115 87 318 0 0 
1549 0 38 25 196 532 1 0 
1549 1 443 119 88 310 0 0 
1550 0 35 23 199 536 1 0 
1550 1 447 124 88 300 0 0 
1551 0 33 22 200 540 1 0 
1551 1 451 128 89 292 0 0 
1552 0 31 20 201 544 1 0 
1552 1 456 133 89 283 0 0 
1553 0 29 19 202 548 1 0 
1553 1 459 135 89 274 0 0 
1554 0 26 17 205 552 1 0 
1554 1 462 137 90 266 0 0 
1555 0 24 16 206 556 1 0 
1555 1 465 139 90 258 0 0 
1556 0 22 14 207 560 1 0 
1556 1 468 141 91 250 0 0 
1557 0 20 13 208 563 1 0 
1557 1 472 143 91 242 0 0 
1558 0 17 11 211 568 1 0 
1558 1 491 142 92 243 0 0 
1559 0 15 10 212 571 1 0 
1559 1 511 142 92 244 0 0 
1560 0 13 8 213 576 1 0 
1560 1 531 142 92 245 0 0 
1561 0 11 7 214 579 1 0 
1561 1 551 142 93 246 0 0 
1562 0 8 5 217 584 1 0 
1562 1 588 135 93 248 0 1 
1563 0 6 4 218 587 1 0 
1563 1 631 124 93 286 0 1 
1564 0 4 2 219 592 1 0 
1564 1 681 116 108 307 0 1 
1565 0 2 1 220 595 1 0 
1565 1 757 113 42 308 1 1 
1566 0 0 0 222 599 0 1 
1566 1 753 112 43 310 1 0 
1567 0 54 0 240 599 0 1 
1567 1 747 113 44 307 1 0 
1568 0 109 0 258 599 0 1 
1568 1 742 114 44 304 1 0 
1569 0 164 0 275 599 0 1 
1569 1 737 115 44 301 1 0 
1570 0 219 0 293 599 0 1 
1570 1 732 116 44 298 1 0 
1571 0 258 0 293 599 0 1 
1571 1 727 118 45 295 1 0 
1572 0 298 0 293 599 0 1 
1572 1 722 119 45 292 1 0 
1573 0 338 0 293 599 0 1 
1573 1 716 120 46 289 1 0 
1574 0 378 0 293 599 0 1 
1574 1 711 121 46 286 1 0 
1575 0 424 0 289 599 0 1 
1575 1 706 123 47 283 1 0 
1576 0 470 0 286 599 0 1 
1576 1 701 124 47 280 1 0 
1577 0 517 0 282 599 0 1 
1577 1 696 125 47 277 1 0 
1578 0 531 0 268 598 0 1 
1578 1 691 126 47 274 1 0 
1579 0 545 0 254 597 0 1 
1579 1 685 127 48 272 1 0 
1580 0 559 0 240 597 0 1 
1580 1 680 129 49 268 1 0 
1581 0 574 0 225 596 0 1 
1581 1 675 130 49 265 1 0 
1582 0 588 0 211 596 0 1 
1582 1 670 131 49 262 1 0 
1583 0 602 0 197 595 0 1 
1583 1 665 132 49 260 1 0 
1584 0 617 0 182 595 0 1 
1584 1 660 134 50 256 1 0 
1585 0 592 17 177 567 0 1 
1585 1 655 135 50 253 1 0 
1586 0 567 34 173 539 0 1 
1586 1 649 136 51 250 1 0 
1587 0 542 51 168 511 0 1 
1587 1 644 137 51 248 1 0 
1588 0 517 68 164 483 0 1 
1588 1 639 138 51 245 1 0 
1589 0 492 85 160 455 0 0 
1589 1 634 140 52 241 1 0 
1590 0 498 89 158 431 0 0 
1590 1 629 141 52 238 1 0 
1591 0 504 93 157 407 0 0 
1591 1 624 142 52 236 1 0 
1592 0 510 97 155 384 0 0 
1592 1 618 143 53 233 1 0 
1593 0 516 101 154 360 0 0 
1593 1 613 145 54 229 1 0 
1594 0 522 105 153 337 0 0 
1594 1 608 146 54 226 1 0 
1595 0 525 108 148 329 0 0 
1595 1 603 147 54 224 1 0 
1596 0 528 111 143 321 0 0 
1596 1 598 148 54 221 1 0 
1597 0 531 115 138 312 0 0 
1597 1 593 149 54 218 1 0 
1598 0 534 118 133 304 0 0 
1598 1 588 151 55 214 1 0 
1599 0 537 121 128 296 0 0 
1599 1 582 152 56 212 1 0 
1600 0 540 125 123 288 0 0 
1600 1 577 153 56 209 1 0 
1601 0 542 127 120 281 0 0 
1601 1 572 154 56 206 1 0 
1602 0 544 129 118 275 0 0 
1602 1 567 156 57 202 1 0 
1603 0 546 131 116 269 0 0 
1603 1 562 157 57 200 1 0 
1604 0 548 133 114 263 0 0 
1604 1 557 158 57 197 1 0 
1605 0 550 135 112 256 0 0 
1605 1 551 159 58 194 1 0 
1606 0 552 137 110 250 0 0 
1606 1 546 160 58 191 1 0 
1607 0 554 139 108 244 0 0 
1607 1 541 162 59 188 1 0 
1608 0 556 141 106 238 0 0 
1608 1 536 163 59 185 1 0 
1609 0 558 144 104 231 0 0 
1609 1 531 164 59 182 1 0 
1610 0 553 146 101 226 0 0 
1610 1 526 165 59 179 1 0 
1611 0 548 148 98 222 0 0 
1611 1 521 167 60 176 0 1 
1612 0 543 150 95 217 0 0 
1612 1 511 165 62 178 0 1 
1613 0 539 153 91 212 0 0 
1613 1 502 163 63 181 0 1 
1614 0 534 155 88 207 0 0 
1614 1 492 162 65 183 0 1 
1615 0 529 157 85 203 0 0 
1615 1 483 160 66 186 0 1 
1616 0 524 159 82 198 0 0 
1616 1 474 159 67 188 0 0 
1617 0 520 162 79 193 0 0 
1617 1 467 157 68 196 0 0 
1618 0 514 162 77 187 0 0 
1618 1 460 155 70 205 0 0 
1619 0 509 163 74 180 0 0 
1619 1 453 153 72 214 0 0 
1620 0 504 164 71 173 0 0 
1620 1 446 151 73 223 0 0 
1621 0 499 165 68 166 0 0 
1621 1 439 149 75 232 0 0 
1622 0 494 166 65 159 0 0 
1622 1 433 147 76 241 0 0 
1623 0 489 167 63 163 0 0 
1623 1 425 143 80 257 0 0 
1624 0 483 168 62 157 0 0 
1624 1 417 140 85 272 0 0 
1625 0 478 169 61 152 0 0 
1625 1 410 137 88 287 0 0 
1626 0 473 170 59 147 0 0 
1626 1 402 134 93 302 0 0 
1627 0 468 172 58 141 0 0 
1627 1 395 131 97 317 0 0 
1628 0 469 172 56 140 0 0 
1628 1 392 124 104 331 0 0 
1629 0 470 173 55 138 0 0 
1629 1 389 117 112 346 0 0 
1630 0 471 173 54 137 0 0 
1630 1 386 110 119 361 0 0 
1631 0 472 174 53 135 0 0 
1631 1 383 104 127 375 0 0 
1632 0 472 174 53 135 0 1 
1632 1 382 95 131 412 0 0 
1633 0 471 174 53 134 0 1 
1633 1 381 86 136 450 0 0 
1634 0 471 175 52 133 0 1 
1634 1 380 77 140 488 0 0 
1635 0 471 176 52 131 0 1 
1635 1 379 69 145 525 0 0 
1636 0 470 176 52 131 0 1 
1636 1 373 54 157 541 0 0 
1637 0 470 177 52 130 0 1 
1637 1 367 40 169 556 0 0 
1638 0 470 178 51 128 0 1 
1638 1 361 25 181 572 0 0 
1639 0 470 179 51 127 0 1 
1639 1 356 11 192 588 0 0 
1640 0 469 179 51 127 0 1 
1640 1 345 23 195 576 0 0 
1641 0 469 180 51 125 0 1 
1641 1 335 36 198 563 0 0 
1642 0 469 181 50 124 0 1 
1642 1 325 48 201 551 0 0 
1643 0 469 182 50 123 0 1 
1643 1 315 61 204 538 0 0 
1644 0 474 185 44 112 0 1 
1644 1 305 74 207 525 0 0 
1645 0 473 184 44 112 0 1 
1645 1 306 84 205 515 0 0 
1646 0 472 184 44 112 0 1 
1646 1 307 95 204 504 0 0 
1647 0 471 183 44 112 0 1 
1647 1 308 106 203 493 0 0 
1648 0 470 183 44 112 0 1 
1648 1 309 116 201 483 0 0 
1649 0 470 183 44 112 0 1 
1649 1 310 127 200 472 0 0 
1650 0 469 182 44 112 0 1 
1650 1 311 138 199 461 0 0 
1651 0 468 182 44 112 0 1 
1651 1 313 149 197 450 0 0 
1652 0 467 181 44 112 0 1 
1652 1 316 151 196 448 0 0 
1653 0 466 181 44 112 0 1 
1653 1 319 154 195 445 0 0 
1654 0 466 181 44 112 1 1 
1654 1 323 157 193 442 0 0 
1655 0 466 181 43 112 1 1 
1655 1 326 160 192 439 0 0 
1656 0 466 181 43 112 1 1 
1656 1 330 163 190 436 0 0 
1657 0 466 182 43 111 1 1 
1657 1 331 165 189 434 0 0 
1658 0 466 182 42 111 1 1 
1658 1 332 167 188 432 0 0 
1659 0 466 182 42 111 1 1 
1659 1 334 169 186 430 0 0 
1660 0 466 183 42 110 1 1 
1660 1 333 169 187 430 0 0 
1661 0 466 183 42 110 1 1 
1661 1 333 169 187 430 0 0 
1662 0 466 184 42 109 1 1 
1662 1 333 169 188 430 0 0 
1663 0 466 184 42 109 1 1 
1663 1 333 169 188 430 0 0 
1664 0 466 185 42 108 1 1 
1664 1 332 169 189 430 0 0 
1665 0 466 185 42 108 1 1 
1665 1 332 169 190 430 0 0 
1666 0 466 185 42 108 1 1 
1666 1 332 169 190 430 0 0 
1667 0 466 186 42 107 1 1 
1667 1 332 169 190 430 0 0 
1668 0 466 186 41 107 1 1 
1668 1 332 169 191 430 0 0 
1669 0 466 187 41 106 1 1 
1669 1 331 170 192 429 0 0 
1670 0 466 187 41 106 1 1 
1670 1 331 170 193 429 0 0 
1671 0 466 188 41 105 1 1 
1671 1 331 170 193 429 0 0 
1672 0 466 188 41 105 1 1 
1672 1 331 170 193 429 0 0 
1673 0 466 188 41 105 1 1 
1673 1 331 170 194 429 0 0 
1674 0 466 189 41 104 1 1 
1674 1 330 170 195 429 0 0 
1675 0 466 189 41 104 1 1 
1675 1 330 170 195 429 0 0 
1676 0 466 190 41 103 1 1 
1676 1 330 170 196 429 0 0 
1677 0 466 190 41 103 1 1 
1677 1 330 170 196 429 0 0 
1678 0 466 191 41 102 1 1 
1678 1 330 171 197 428 0 0 
