0 0 332 42 143 524
1 0 333 44 142 519
2 0 331 42 143 523
3 0 335 42 140 522
4 0 331 44 146 519
5 0 328 42 148 521
6 0 331 38 145 529
7 0 330 35 144 533
8 0 330 39 144 527
9 0 331 37 144 531
10 0 329 37 145 532
11 0 330 37 145 530
12 0 330 39 145 527
13 0 330 37 146 531
14 0 329 39 148 526
15 0 329 42 147 520
16 0 328 45 150 514
17 0 328 47 151 509
18 0 327 47 154 509
19 0 322 56 158 492
20 0 325 49 156 503
21 0 323 41 157 520
22 0 322 42 159 518
23 0 328 64 139 474
24 0 327 64 139 474
25 0 325 61 141 481
26 0 325 58 142 486
27 0 323 55 144 492
28 0 322 52 144 496
29 0 321 51 146 500
30 0 321 55 145 493
31 0 322 48 143 507
32 0 323 48 141 507
33 0 323 45 141 513
34 0 323 43 140 518
35 0 322 51 142 502
36 0 323 54 140 497
37 0 323 56 139 492
38 0 322 54 141 495
39 0 320 60 144 483
40 0 321 54 142 495
41 0 322 47 141 510
42 0 322 54 141 494
43 0 325 41 137 520
44 0 325 33 138 536
45 0 322 37 142 471
46 0 325 45 142 456
47 0 324 36 164 532
48 0 327 36 165 531
49 0 330 41 164 525
50 0 329 36 168 534
51 0 326 38 173 531
52 0 325 44 175 517
53 0 328 49 168 509
54 0 326 43 171 519
55 0 325 44 171 514
56 0 335 55 150 489
57 0 334 45 145 511
58 0 335 50 141 501
59 0 335 62 139 479
60 0 335 64 138 476
61 0 335 68 137 468
62 0 336 70 137 462
63 0 336 65 137 472
64 0 336 70 137 462
65 0 336 68 139 466
66 0 336 69 138 464
67 0 335 61 140 479
68 0 334 62 140 478
69 0 334 60 140 482
70 0 335 66 139 470
71 0 335 57 140 487
72 0 335 54 140 493
73 0 334 51 140 499
74 0 335 58 140 486
75 0 334 49 141 503
76 0 334 51 140 499
77 0 334 56 141 490
78 0 334 53 141 496
79 0 335 48 139 505
80 0 335 47 139 507
81 0 335 45 140 510
82 0 334 46 141 508
83 0 334 49 142 503
84 0 333 52 142 496
85 0 334 52 142 496
86 0 335 46 141 508
87 0 334 44 141 511
88 0 335 39 140 521
89 0 334 45 141 510
90 0 336 40 139 520
91 0 335 46 140 508
92 0 335 42 139 517
93 0 334 51 141 499
94 0 336 43 139 515
95 0 334 47 141 506
96 0 335 41 140 517
97 0 335 35 140 530
98 0 336 35 139 530
99 0 336 37 139 526
100 0 335 36 140 528
101 0 335 36 142 527
102 0 335 34 141 531
103 0 336 32 141 534
104 0 335 37 142 525
105 0 335 37 143 525
106 0 335 37 143 525
107 0 336 34 142 530
108 0 334 38 145 522
109 0 334 32 145 534
110 0 334 32 145 533
111 0 335 32 144 533
112 0 334 32 145 534
113 0 334 26 146 545
114 0 334 30 147 538
115 0 335 33 144 532
116 0 335 40 146 518
117 0 334 44 148 511
118 0 334 36 150 526
119 0 335 44 149 511
120 0 325 41 170 518
121 0 329 43 166 515
122 0 330 43 166 516
123 0 332 39 163 526
124 0 329 42 170 521
125 0 322 30 182 544
126 0 329 29 170 545
127 0 316 32 191 542
128 0 311 18 195 559
129 0 269 36 250 517
130 0 252 52 273 492
131 0 263 46 223 514
132 0 241 43 290 514
133 0 245 33 283 529
134 0 239 25 263 546
135 0 241 20 257 553
136 0 241 6 256 579
137 0 237 4 261 584
138 0 248 4 247 588
139 0 262 19 258 558
140 0 270 54 243 537
141 0 266 17 263 562
142 0 278 44 233 555
143 0 276 33 239 566
144 0 282 0 303 593
145 0 277 34 242 565
146 0 281 33 237 566
147 0 285 33 234 566
148 0 286 44 235 555
149 0 287 44 233 555
150 0 286 50 230 548
151 0 294 52 218 545
152 0 288 56 216 531
153 0 289 71 213 509
154 0 278 34 232 532
155 0 280 38 220 470
156 0 278 24 222 496
157 0 273 4 185 579
158 0 267 13 192 567
159 0 263 18 188 558
160 0 263 22 178 548
161 0 265 31 176 533
162 0 272 43 166 503
163 0 286 27 140 489
164 0 294 26 132 482
165 0 309 47 114 446
166 0 316 13 104 514
167 0 321 29 97 489
168 0 328 31 86 490
169 0 329 35 88 483
170 0 341 48 83 461
171 0 342 69 82 454
172 0 344 62 79 477
173 0 345 61 80 477
174 0 349 58 79 479
175 0 348 56 82 482
176 0 351 64 85 457
177 0 352 70 83 422
178 0 354 89 92 385
179 0 357 103 95 355
180 0 360 106 99 348
181 0 360 98 106 364
182 0 361 98 108 363
183 0 365 103 100 353
184 0 367 104 95 351
185 0 369 93 92 372
186 0 379 86 102 386
187 0 377 89 111 379
188 0 377 100 122 358
189 0 384 92 128 373
190 0 399 89 116 380
191 0 414 87 103 380
192 0 418 84 100 385
193 0 420 82 100 390
194 0 421 83 99 388
195 0 422 83 99 390
196 0 426 84 92 389
197 0 426 88 92 382
198 0 425 79 90 397
199 0 426 86 87 385
200 0 422 92 99 369
201 0 421 89 104 376
202 0 419 86 106 383
203 0 419 89 106 376
204 0 418 89 107 378
205 0 421 90 106 377
206 0 421 95 104 369
207 0 419 94 103 371
208 0 422 86 95 388
209 0 428 73 85 431
210 0 428 71 85 439
211 0 430 74 84 432
212 0 430 80 86 422
213 0 429 79 91 424
214 0 431 81 90 421
215 0 431 79 91 425
216 0 432 80 91 424
217 0 435 86 88 414
218 0 435 84 92 420
219 0 436 85 94 417
220 0 438 87 95 413
221 0 441 86 92 413
222 0 439 91 96 396
223 0 442 90 94 398
224 0 444 95 97 388
225 0 446 99 97 381
226 0 448 97 103 384
227 0 451 92 120 397
228 0 448 88 129 403
229 0 448 86 127 408
230 0 447 81 128 416
231 0 456 82 110 394
232 0 455 79 116 399
233 0 452 77 129 400
234 0 451 75 139 403
235 0 457 80 144 393
236 0 459 70 158 412
237 0 481 71 152 412
238 0 487 72 153 409
239 0 495 70 153 413
240 0 499 63 151 428
241 0 499 63 155 427
242 0 503 67 149 418
243 0 509 85 146 419
244 0 506 85 144 415
245 0 504 73 130 403
246 0 506 85 122 381
247 0 506 85 111 414
248 0 508 76 98 403
249 0 506 84 101 414
250 0 505 89 96 404
251 0 495 78 96 430
252 0 494 81 94 387
253 0 487 80 100 421
254 0 483 85 100 408
255 0 480 101 98 349
256 0 475 105 98 342
257 0 472 105 95 342
258 0 472 107 94 337
259 0 476 104 98 343
260 0 483 105 98 340
261 0 484 100 101 350
262 0 491 90 123 399
263 0 494 80 120 417
264 0 495 86 122 384
265 0 501 88 122 377
266 0 511 89 116 377
267 0 517 71 115 436
268 0 519 57 117 464
269 0 540 68 107 415
270 0 532 56 133 474
271 0 535 67 139 458
272 0 539 68 139 454
273 0 545 75 147 444
274 0 535 51 175 482
275 0 551 57 136 431
276 0 553 56 133 436
277 0 555 66 130 414
278 0 550 76 130 443
279 0 550 78 123 442
280 0 545 57 132 486
281 0 542 60 132 480
282 0 539 32 125 537
283 0 522 60 122 485
284 0 521 76 123 454
285 0 519 95 110 405
286 0 506 102 114 379
287 0 502 114 110 356
288 0 499 114 107 356
289 0 484 113 110 353
290 0 483 118 105 317
291 0 480 122 106 309
292 0 468 120 110 314
293 0 463 125 105 297
294 0 462 126 96 294
295 0 446 129 107 294
296 0 450 134 91 281
297 0 447 138 84 271
298 0 441 145 80 252
299 0 436 151 83 230
300 0 431 145 87 238
301 0 427 145 84 240
302 0 417 149 81 226
303 0 420 151 78 226
304 0 422 149 77 231
305 0 422 149 77 227
306 0 421 150 77 230
307 0 433 151 66 232
308 0 421 151 76 225
309 0 423 153 72 221
310 0 421 150 73 214
311 0 418 150 75 214
312 0 423 146 58 206
313 0 417 154 61 205
314 0 409 158 61 201
315 0 401 163 64 197
316 0 394 161 64 200
317 0 393 155 60 208
318 0 393 154 61 209
319 0 395 155 58 205
320 0 379 160 70 196
321 0 375 156 74 200
322 0 381 156 63 199
323 0 383 157 60 198
324 0 386 156 57 202
325 0 381 155 63 204
326 0 372 159 64 202
327 0 367 160 65 202
328 0 361 161 67 201
329 0 355 151 64 209
330 0 356 154 63 208
331 0 352 153 65 216
332 0 351 149 68 218
333 0 350 153 64 217
334 0 337 153 71 215
335 0 335 147 75 223
336 0 329 141 89 233
337 0 323 140 101 238
338 0 322 139 104 242
339 0 322 140 101 236
340 0 327 139 93 236
341 0 328 141 91 231
342 0 330 141 89 234
343 0 333 147 84 231
344 0 343 161 77 204
345 0 345 159 76 207
346 0 343 159 81 211
347 0 346 160 79 208
348 0 348 161 78 207
349 0 351 158 74 209
350 0 358 155 67 209
351 0 366 156 63 209
352 0 374 160 60 200
353 0 380 159 53 200
354 0 389 157 43 202
355 0 390 153 42 212
356 0 387 158 47 204
357 0 379 155 58 211
358 0 374 157 58 209
359 0 374 158 57 209
360 0 372 161 59 202
361 0 371 165 59 187
362 0 367 166 62 182
363 0 364 168 63 182
364 0 357 167 73 183
365 0 355 173 70 177
366 0 355 163 70 191
367 0 351 163 75 192
368 0 348 163 76 189
369 0 349 162 72 190
370 0 351 161 63 189
371 0 354 163 57 183
372 0 353 164 58 182
373 0 352 149 61 199
374 0 347 162 56 188
375 0 346 148 54 203
376 0 341 163 62 185
377 0 337 164 67 185
378 0 338 161 62 190
379 0 336 165 63 184
380 0 333 166 67 184
381 0 331 165 68 184
382 0 334 163 67 186
383 0 339 162 61 188
384 0 341 164 58 184
385 0 343 165 54 183
386 0 345 163 52 185
387 0 349 160 50 189
388 0 350 162 50 186
389 0 344 164 61 183
390 0 347 161 67 191
391 0 347 162 67 190
392 0 349 160 63 194
393 0 351 159 60 196
394 0 352 158 59 194
395 0 354 159 56 178
396 0 354 158 57 169
397 0 356 159 53 174
398 0 355 158 54 178
399 0 356 159 53 174
400 0 355 161 57 172
401 0 357 167 56 174
402 0 357 168 56 172
403 0 359 169 55 171
404 0 365 169 50 155
405 0 367 171 49 147
406 0 369 170 47 149
407 0 369 170 47 147
408 0 369 170 48 147
409 0 369 169 47 148
410 0 372 170 45 148
411 0 373 172 45 144
412 0 375 171 46 146
413 0 376 172 44 142
414 0 377 173 46 143
415 0 376 177 43 133
416 0 373 178 43 129
417 0 370 175 45 133
418 0 367 175 47 129
419 0 367 175 45 126
420 0 367 174 45 130
421 0 367 176 44 127
422 0 367 177 44 129
423 0 367 177 44 131
424 0 366 178 44 129
425 0 366 178 42 127
426 0 367 181 40 119
427 0 367 181 39 115
428 0 367 181 40 116
429 0 367 180 40 118
430 0 368 180 39 117
431 0 371 182 36 114
432 0 374 182 35 112
433 0 375 180 34 113
434 0 375 182 34 114
435 0 372 183 35 114
436 0 371 185 32 108
437 0 369 185 33 107
438 0 368 185 33 108
439 0 368 186 35 105
440 0 366 185 35 105
441 0 364 187 38 105
442 0 364 187 39 107
443 0 365 189 36 105
444 0 365 189 35 103
445 0 365 191 35 101
446 0 366 193 32 94
447 0 367 191 30 94
448 0 368 190 27 94
449 0 367 191 31 95
450 0 368 193 32 93
451 0 368 191 29 94
452 0 367 191 29 95
453 0 364 193 36 96
454 0 359 190 30 90
455 0 359 188 29 96
456 0 359 189 28 97
457 0 355 189 29 102
458 0 354 189 28 99
459 0 350 188 26 95
460 0 349 190 25 91
461 0 348 190 23 96
462 0 344 191 24 94
535 0 322 186 21 99
536 0 322 187 22 97
537 0 327 184 21 98
538 0 326 183 23 101
539 0 321 187 26 100
540 0 325 185 26 104
541 0 325 183 26 109
542 0 325 182 26 111
543 0 324 180 28 120
544 0 324 177 29 124
545 0 325 177 28 122
546 0 325 178 30 127
547 0 326 178 31 128
548 0 326 179 34 127
549 0 326 177 38 132
550 0 329 175 43 137
551 0 334 177 43 134
552 0 338 178 41 133
553 0 344 177 40 133
554 0 348 177 37 135
555 0 349 176 38 136
556 0 348 174 40 141
557 0 351 176 38 137
558 0 352 172 37 145
559 0 351 173 38 143
560 0 350 171 40 145
561 0 351 169 39 152
562 0 351 167 40 159
563 0 351 166 40 159
564 0 349 164 42 165
565 0 342 166 54 166
566 0 342 165 55 169
567 0 343 161 55 177
568 0 345 157 55 183
569 0 345 156 56 186
570 0 343 151 60 196
571 0 342 150 62 200
572 0 342 158 64 193
573 0 345 155 60 198
574 0 346 153 60 202
575 0 343 151 66 207
576 0 345 154 74 201
577 0 346 151 72 208
578 0 346 150 73 210
579 0 345 150 75 210
580 0 346 149 75 213
581 0 345 148 76 217
582 0 345 147 75 221
583 0 345 145 75 224
584 0 342 143 70 233
585 0 339 143 75 234
586 0 339 140 75 239
587 0 338 138 77 243
588 0 338 138 77 244
589 0 342 138 82 239
590 0 342 133 82 245
591 0 341 134 84 243
592 0 337 125 79 265
593 0 336 124 82 267
594 0 335 127 83 259
595 0 335 127 83 259
596 0 333 123 86 266
597 0 334 124 83 266
598 0 333 128 83 261
599 0 335 128 77 264
600 0 336 130 69 265
601 0 334 126 62 272
602 0 334 128 55 274
603 0 326 134 57 277
604 0 317 128 65 292
605 0 314 122 64 301
606 0 308 125 68 289
607 0 304 126 74 278
608 0 295 127 81 272
609 0 296 125 77 271
610 0 293 125 82 268
611 0 290 123 87 273
612 0 290 119 87 282
613 0 289 116 88 288
614 0 286 115 91 289
615 0 284 112 95 296
616 0 278 116 104 290
617 0 277 116 105 290
618 0 278 123 101 271
619 0 280 122 92 274
620 0 280 128 90 260
621 0 280 126 89 265
622 0 281 125 87 267
623 0 282 120 83 277
624 0 283 124 83 273
625 0 285 124 80 274
626 0 288 120 80 285
627 0 288 118 80 291
628 0 287 115 84 292
629 0 291 116 77 293
630 0 290 133 76 249
631 0 292 137 71 240
632 0 287 150 82 211
633 0 290 133 76 230
634 0 284 136 84 226
635 0 284 134 80 230
636 0 276 161 92 194
637 0 276 159 89 198
638 0 282 133 77 234
639 0 282 131 77 238
640 0 279 125 77 248
641 0 273 132 81 235
642 0 274 139 82 222
643 0 266 148 95 216
644 0 277 139 81 223
645 0 278 137 82 238
646 0 278 143 81 229
647 0 279 145 84 225
648 0 283 145 81 224
649 0 285 146 76 223
650 0 276 141 77 233
651 0 271 143 72 214
652 0 255 145 75 207
653 0 254 145 72 207
654 0 252 145 74 208
655 0 250 143 76 212
656 0 242 142 82 216
657 0 239 142 84 215
658 0 237 141 86 216
659 0 237 139 85 220
660 0 237 142 84 215
661 0 239 143 80 212
662 0 241 144 80 209
663 0 245 147 81 203
664 0 253 149 74 200
665 0 257 145 69 208
666 0 267 151 64 205
667 0 269 151 66 208
668 0 275 149 64 214
669 0 284 152 60 210
670 0 290 151 62 198
671 0 297 152 56 194
672 0 300 157 52 184
673 0 292 154 56 188
674 0 278 165 58 178
675 0 274 153 62 192
676 0 272 154 63 190
677 0 269 155 65 188
678 0 267 154 63 190
679 0 267 152 60 193
680 0 254 154 64 185
681 0 248 155 70 183
682 0 247 153 69 188
683 0 245 153 68 188
684 0 245 153 69 186
685 0 251 158 67 179
686 0 256 157 64 183
687 0 261 158 62 180
688 0 267 158 62 192
689 0 275 162 58 183
690 0 284 160 63 178
691 0 297 165 57 170
692 0 301 166 58 165
693 0 306 164 55 168
694 0 309 162 51 171
695 0 309 167 46 159
696 0 308 168 49 155
697 0 314 159 49 167
698 0 317 158 47 178
699 0 315 169 47 173
700 0 325 166 41 161
701 0 332 169 40 155
702 0 339 171 37 146
703 0 353 167 34 156
704 0 359 165 31 164
705 0 365 166 32 158
706 0 366 169 38 156
707 0 371 170 45 155
708 0 373 169 45 160
709 0 375 163 43 170
710 0 381 168 41 159
711 0 392 171 35 148
712 0 396 166 35 155
713 0 400 166 34 158
714 0 400 171 34 148
715 0 409 170 28 153
751 0 512 155 50 215
752 0 505 153 54 221
753 0 502 151 59 224
754 0 503 152 66 223
755 0 499 152 70 219
756 0 500 145 66 227
757 0 495 140 64 235
758 0 486 139 69 239
759 0 480 135 71 247
760 0 470 132 81 252
761 0 447 131 102 256
762 0 437 134 112 250
763 0 434 129 113 262
764 0 430 128 107 266
765 0 423 126 98 269
766 0 413 123 83 272
767 0 406 129 75 257
768 0 389 121 86 280
769 0 367 110 100 302
770 0 351 120 113 286
771 0 328 110 131 311
772 0 318 104 140 330
773 0 321 87 129 368
774 0 324 73 118 397
775 0 317 84 91 376
776 0 301 78 92 392
777 0 286 66 109 417
778 0 266 71 115 407
779 0 258 77 116 395
780 0 247 86 123 376
781 0 241 69 122 412
782 0 228 74 155 437
783 0 243 67 121 408
784 0 238 54 124 442
785 0 217 53 131 443
786 0 208 74 131 406
787 0 204 73 133 407
788 0 203 72 135 407
789 0 205 76 134 401
790 0 202 89 139 376
791 0 199 87 138 381
792 0 197 84 139 387
793 0 197 78 143 398
794 0 191 72 146 409
795 0 188 78 143 394
796 0 191 75 139 401
797 0 192 67 139 421
798 0 200 78 131 400
799 0 214 81 121 421
800 0 222 94 116 397
801 0 234 96 105 394
802 0 238 102 105 339
803 0 246 114 105 310
804 0 253 118 99 304
805 0 258 120 97 306
806 0 263 120 99 303
807 0 277 124 88 295
808 0 280 131 93 281
809 0 275 137 100 266
810 0 262 135 95 278
811 0 255 130 95 287
812 0 253 132 95 270
813 0 248 123 87 278
814 0 246 118 85 287
815 0 236 124 91 281
816 0 234 128 88 275
817 0 230 130 91 276
818 0 229 135 88 270
819 0 235 134 87 281
820 0 240 139 83 270
821 0 243 140 80 266
822 0 245 139 81 262
823 0 251 144 77 236
824 0 260 147 81 221
825 0 261 149 84 215
826 0 276 143 75 210
827 0 279 150 75 215
828 0 288 147 72 203
829 0 293 153 73 207
830 0 298 156 69 204
831 0 309 154 63 210
832 0 311 153 57 214
833 0 303 158 56 202
834 0 288 151 72 192
835 0 287 151 71 194
836 0 288 150 69 196
837 0 288 151 68 194
838 0 286 152 69 190
839 0 287 155 65 186
840 0 288 157 70 199
841 0 290 157 67 203
842 0 294 156 64 207
843 0 296 156 63 204
844 0 297 159 63 196
845 0 296 153 71 186
846 0 303 154 74 181
847 0 307 160 73 172
848 0 310 161 72 173
849 0 317 161 68 173
850 0 327 163 70 167
851 0 329 161 70 169
852 0 336 162 61 171
853 0 344 160 53 177
854 0 346 162 54 174
855 0 358 168 47 145
856 0 342 163 62 169
857 0 359 161 43 160
858 0 364 164 36 158
859 0 364 166 37 157
860 0 355 161 60 174
861 0 352 174 62 163
862 0 353 173 63 166
863 0 353 169 65 173
864 0 356 174 65 165
865 0 360 175 68 162
866 0 372 159 53 177
867 0 376 160 52 178
868 0 377 161 52 175
869 0 384 159 48 181
870 0 389 154 45 191
871 0 385 163 55 182
872 0 386 164 57 180
873 0 385 165 60 179
874 0 387 165 58 179
875 0 386 161 60 186
876 0 396 156 63 196
877 0 400 153 57 204
878 0 405 158 56 198
879 0 430 139 40 216
880 0 432 143 39 207
881 0 439 142 37 207
882 0 443 137 32 216
883 0 439 151 40 210
998 0 697 220 102 356
999 0 688 192 111 356
1000 0 662 248 133 290
1001 0 655 223 136 294
1002 0 646 208 149 319
1003 0 615 216 184 291
1004 0 611 207 188 305
1005 0 600 217 199 293
1006 0 593 210 202 297
1007 0 588 211 206 302
1008 0 574 213 225 302
1009 0 571 212 221 301
1010 0 555 217 223 285
1011 0 550 211 213 296
1012 0 532 204 173 264
1013 0 526 229 196 257
1014 0 517 209 176 257
1015 0 521 233 160 254
1016 0 496 220 178 268
1017 0 492 214 159 243
1018 0 483 216 157 248
1019 0 479 211 149 252
1020 0 473 217 138 240
1021 0 462 220 147 230
1022 0 450 222 149 233
1023 0 446 213 137 244
1024 0 443 213 133 246
1025 0 440 214 122 238
1026 0 429 221 129 221
1027 0 416 217 128 231
1028 0 412 216 122 232
1029 0 410 213 116 237
1030 0 402 215 114 235
1031 0 392 221 119 228
1032 0 389 221 126 229
1033 0 397 213 122 244
1034 0 396 213 125 244
1035 0 395 217 128 241
1036 0 396 217 125 238
1037 0 396 216 125 242
1038 0 397 216 123 243
1039 0 398 216 121 244
1040 0 399 217 118 242
1041 0 399 216 119 248
1042 0 400 216 116 248
1043 0 398 211 120 255
1044 0 401 211 114 255
1045 0 395 214 123 249
1046 0 392 219 123 246
1047 0 389 215 124 254
1048 0 384 212 124 261
1049 0 383 212 124 257
1050 0 377 210 126 259
1051 0 373 211 128 257
1052 0 369 211 129 253
1053 0 367 212 130 250
1054 0 366 211 127 253
1055 0 368 204 121 268
1056 0 365 202 125 320
1057 0 363 199 126 334
1058 0 349 207 133 315
1059 0 343 215 143 303
1060 0 342 216 140 306
1061 0 333 229 157 323
1062 0 333 218 156 347
1063 0 327 219 143 296
1064 0 325 210 143 314
1065 0 324 213 142 306
1066 0 325 216 141 298
1067 0 324 214 144 302
1068 0 326 215 142 300
1069 0 328 215 140 301
1070 0 329 212 140 305
1071 0 328 211 142 309
1072 0 326 210 144 313
1073 0 328 209 143 317
1074 0 327 208 144 318
1075 0 324 209 158 367
1076 0 325 206 147 325
1077 0 321 202 162 379
1078 0 312 197 174 386
1079 0 311 198 176 384
1080 0 312 197 176 386
1081 0 317 197 174 381
1082 0 316 180 170 377
1083 0 314 178 174 381
1084 0 311 169 168 395
1085 0 309 168 172 406
1086 0 308 173 172 396
1087 0 308 168 171 408
1088 0 309 165 173 415
1089 0 306 160 180 424
1090 0 304 158 182 429
1091 0 303 153 186 439
1092 0 304 154 191 436
1093 0 302 152 200 440
1094 0 305 157 200 429
1095 0 301 157 211 428
1096 0 300 157 215 425
1097 0 299 156 218 428
1098 0 299 158 217 423
1099 0 299 161 211 421
1100 0 300 162 202 418
1101 0 297 169 201 406
1102 0 296 168 208 408
1103 0 294 185 206 398
1104 0 295 185 206 399
1105 0 293 188 215 395
1106 0 293 189 214 392
1107 0 293 190 212 391
1108 0 292 190 212 392
1109 0 292 191 213 391
1110 0 293 192 209 388
1111 0 293 193 209 388
1112 0 291 193 216 388
1113 0 292 196 216 384
1114 0 291 196 220 384
1115 0 290 197 220 382
1116 0 290 197 218 382
1117 0 289 198 222 381
1118 0 292 196 216 385
1119 0 291 198 218 383
1120 0 289 196 221 384
1121 0 291 197 218 384
1122 0 291 197 217 384
1123 0 290 198 218 382
1124 0 291 200 216 379
1125 0 290 199 218 382
1126 0 290 199 219 382
1127 0 291 201 218 378
1128 0 291 199 217 381
1129 0 289 198 221 382
1130 0 291 195 222 386
1131 0 291 194 223 386
1132 0 290 192 230 388
1133 0 291 191 227 388
1134 0 293 189 221 392
1135 0 294 169 223 405
1136 0 292 171 232 401
1137 0 291 170 234 402
1138 0 291 169 237 403
1139 0 294 169 230 403
1140 0 295 169 231 402
1141 0 296 169 230 402
1142 0 297 168 229 403
1143 0 295 168 234 399
1144 0 298 171 227 393
1145 0 297 173 230 391
1146 0 300 171 223 392
1147 0 304 169 216 396
1148 0 303 171 215 393
1149 0 303 172 215 391
1150 0 305 177 207 382
1151 0 306 174 201 386
1152 0 308 170 194 399
1153 0 301 199 206 380
1154 0 301 196 198 382
1155 0 313 174 178 392
1156 0 316 175 175 391
1157 0 309 176 185 387
1158 0 310 171 181 397
1159 0 311 174 176 389
1160 0 312 174 175 391
1161 0 315 173 171 392
1162 0 317 172 168 391
1163 0 321 171 164 392
1164 0 320 171 163 391
1165 0 319 169 162 390
1166 0 317 165 162 393
1167 0 316 167 165 381
1168 0 317 168 158 338
1169 0 323 162 149 349
1170 0 327 159 140 347
1171 0 335 158 134 343
1172 0 336 138 137 375
1173 0 334 105 138 402
1174 0 335 101 139 397
1175 0 334 93 143 407
1176 0 346 54 140 433
1177 0 345 62 143 419
1178 0 343 78 150 388
1179 0 345 78 146 388
1180 0 356 67 138 406
1181 0 358 67 134 404
1182 0 363 65 127 408
1183 0 367 60 119 422
1184 0 369 54 114 439
1185 0 370 50 112 446
1186 0 371 47 112 453
1187 0 368 45 116 457
1188 0 366 47 119 452
1189 0 367 59 116 421
1190 0 350 64 136 419
1191 0 352 64 132 418
1192 0 351 61 134 412
1193 0 348 57 139 419
1194 0 344 53 144 426
1195 0 339 53 152 428
1196 0 335 45 156 455
1197 0 335 41 154 464
1198 0 335 38 153 470
1199 0 336 33 151 478
1200 0 339 55 143 486
1201 0 340 33 146 480
1202 0 340 55 142 483
1203 0 340 39 152 469
1204 0 340 35 153 476
1205 0 339 41 154 465
1206 0 342 75 150 443
1207 0 341 37 153 471
1208 0 346 28 167 495
1209 0 342 48 177 494
1210 0 344 37 174 522
1211 0 344 19 175 553
1212 0 324 1 170 591
1213 0 324 4 164 584
1214 0 318 11 170 568
1215 0 316 7 170 577
1216 0 315 5 168 582
1217 0 303 2 187 589
1218 0 283 6 217 579
1219 0 306 25 182 546
1220 0 313 20 183 495
1221 0 314 46 183 498
1222 0 322 26 176 485
1223 0 307 0 197 534
1224 0 332 38 146 405
1224 1 618 49 170 550
1225 0 332 75 134 452
1225 1 608 27 183 530
1226 0 332 40 127 461
1226 1 592 13 201 564
1227 0 334 35 119 474
1227 1 574 20 220 552
1228 0 332 28 122 486
1228 1 547 22 215 544
1229 0 330 47 121 449
1229 1 531 34 231 541
1230 0 497 52 230 444
1230 1 309 70 111 455
1231 0 305 59 113 474
1231 1 476 62 211 486
1232 0 325 84 76 381
1232 1 475 74 196 462
1233 0 334 73 72 344
1233 1 456 48 213 513
1234 0 323 87 91 372
1234 1 454 103 140 399
1235 0 321 97 89 358
1235 1 440 82 182 431
1236 0 323 104 77 341
1236 1 435 75 178 447
1237 0 317 115 80 320
1237 1 424 68 185 456
1238 0 320 116 82 318
1238 1 428 65 177 463
1239 0 323 122 85 307
1239 1 437 48 148 459
1240 0 324 128 88 290
1240 1 440 54 141 446
1241 0 326 126 90 286
1241 1 445 78 135 438
1242 0 348 129 70 273
1242 1 445 69 136 457
1243 0 349 133 71 257
1243 1 449 58 128 477
1244 0 357 131 65 262
1244 1 456 63 112 466
1245 0 362 134 59 261
1245 1 448 60 103 466
1246 0 364 132 54 260
1246 1 451 72 94 446
1247 0 368 136 53 256
1247 1 454 73 82 448
1248 0 368 135 57 263
1248 1 449 82 85 430
1249 0 368 143 59 244
1249 1 441 83 96 423
1250 0 369 143 61 241
1250 1 433 88 96 374
1251 0 368 147 67 239
1251 1 431 95 96 361
1252 0 370 147 70 239
1252 1 431 107 100 326
1253 0 371 145 70 236
1253 1 429 107 103 322
1254 0 369 144 74 232
1254 1 428 107 104 320
1255 0 370 148 73 225
1255 1 430 106 100 327
1256 0 372 149 72 217
1256 1 428 112 101 310
1257 0 369 148 75 216
1257 1 429 110 98 314
1258 0 370 149 72 213
1258 1 427 106 97 318
1259 0 373 147 67 216
1259 1 430 110 89 305
1260 0 374 148 63 215
1260 1 431 113 86 289
1261 0 377 150 59 214
1261 1 430 114 83 287
1262 0 378 152 58 213
1262 1 431 116 80 284
1263 0 377 153 57 211
1263 1 431 123 78 271
1264 0 375 156 57 205
1264 1 421 125 71 267
1265 0 369 155 54 190
1265 1 421 124 70 276
1266 0 366 157 54 185
1266 1 423 129 67 269
1267 0 363 160 54 177
1267 1 419 127 68 273
1268 0 362 160 53 175
1268 1 420 130 66 272
1269 0 360 161 54 174
1269 1 416 134 70 266
1270 0 360 162 54 171
1270 1 416 129 71 274
1271 0 364 166 55 166
1271 1 416 134 72 252
1272 0 368 166 55 166
1272 1 416 142 73 230
1273 0 378 175 47 143
1273 1 416 142 72 227
1274 0 380 175 44 143
1274 1 416 143 74 223
1275 0 378 174 46 141
1275 1 416 145 78 219
1276 0 378 175 46 142
1276 1 415 146 81 219
1277 0 376 178 47 138
1277 1 414 150 80 214
1278 0 376 177 44 136
1278 1 412 152 80 212
1279 0 374 173 45 140
1279 1 409 150 81 218
1280 0 373 173 45 142
1280 1 411 151 76 212
1281 0 372 171 43 145
1281 1 410 150 73 213
1282 0 371 172 41 145
1282 1 407 147 73 217
1283 0 370 173 41 147
1283 1 410 149 69 211
1284 0 370 173 41 148
1284 1 411 149 68 211
1285 0 369 174 40 145
1285 1 411 150 65 209
1286 0 369 173 42 148
1286 1 407 150 67 210
1287 0 368 172 42 148
1287 1 408 151 64 210
1288 0 368 171 41 149
1288 1 407 155 63 206
1289 0 367 171 43 148
1289 1 406 155 65 208
1290 0 367 170 44 150
1290 1 407 155 66 208
1291 0 367 171 44 147
1291 1 405 157 65 201
1292 0 366 170 43 148
1292 1 403 156 64 200
1293 0 367 173 43 140
1293 1 402 161 65 187
1294 0 372 175 38 134
1294 1 407 155 57 186
1295 0 375 172 37 142
1295 1 410 155 55 187
1296 0 379 176 36 136
1296 1 411 156 56 183
1297 0 384 175 30 136
1297 1 410 155 55 187
1298 0 390 175 27 130
1298 1 409 155 53 186
1299 0 392 177 28 129
1299 1 409 155 52 187
1300 0 393 177 31 132
1300 1 405 156 55 184
1301 0 390 178 34 131
1301 1 402 156 59 181
1302 0 386 177 33 130
1302 1 399 155 65 179
1303 0 385 179 35 128
1303 1 402 154 66 181
1304 0 388 177 33 129
1304 1 404 153 66 179
1305 0 406 154 66 176
1306 0 410 158 68 167
1307 0 416 156 68 174
1308 0 421 158 66 175
1309 0 427 161 60 173
1310 0 430 160 57 177
1311 0 432 163 54 172
1312 0 434 170 31 144
1312 1 441 155 56 182
1313 0 437 171 31 134
1313 1 445 159 57 174
1314 0 439 170 32 136
1314 1 453 161 58 171
1315 0 439 172 31 137
1315 1 459 159 56 178
1316 0 439 170 33 141
1316 1 464 158 57 180
1317 0 440 168 33 145
1317 1 466 156 55 184
1318 0 441 171 34 137
1318 1 470 168 56 181
1319 0 444 168 32 138
1319 1 471 166 59 183
1320 0 453 168 30 147
1320 1 480 163 59 193
1321 0 450 170 35 146
1321 1 480 165 62 190
1322 0 450 170 38 149
1322 1 486 167 53 184
1323 0 450 169 39 149
1323 1 496 167 38 194
1324 0 450 166 38 154
1324 1 495 161 36 153
1325 0 449 165 41 157
1325 1 495 161 39 153
1326 0 451 167 40 155
1326 1 494 160 41 160
1327 0 452 166 41 156
1327 1 494 154 46 190
1328 0 453 168 39 152
1328 1 497 154 44 191
1329 0 456 167 37 152
1329 1 498 156 49 185
1330 0 461 167 38 152
1330 1 505 156 50 185
1331 0 464 171 37 144
1331 1 511 154 48 187
1332 0 464 174 40 140
1332 1 507 157 47 156
1333 0 466 168 44 153
1333 1 508 157 55 175
1334 0 467 169 46 151
1334 1 516 160 43 157
1335 0 469 167 46 155
1335 1 517 162 42 148
1336 0 471 166 50 152
1336 1 530 146 43 194
1337 0 471 168 51 151
1337 1 535 150 46 197
1338 0 471 168 52 149
1338 1 541 150 46 196
1339 0 471 167 55 155
1339 1 546 145 48 203
1340 0 491 173 46 144
1340 1 552 144 50 206
1341 0 489 169 58 154
1341 1 552 145 54 207
1342 0 493 167 55 158
1342 1 551 147 59 204
1343 0 491 167 55 157
1343 1 547 145 65 209
1344 0 493 166 50 159
1344 1 546 159 73 194
1345 0 490 164 50 165
1345 1 542 160 79 194
1346 0 489 163 46 167
1346 1 540 159 81 196
1347 0 478 167 49 157
1347 1 536 161 85 191
1348 0 476 165 51 158
1348 1 535 146 77 205
1349 0 473 164 53 160
1349 1 530 148 80 201
1350 0 473 168 53 153
1350 1 533 144 77 209
1351 0 473 169 53 151
1351 1 536 144 77 210
1352 0 471 169 53 150
1352 1 540 146 77 205
1353 0 469 167 52 154
1353 1 545 151 72 196
1354 0 467 167 54 155
1354 1 564 142 63 215
1355 0 467 166 52 155
1355 1 560 157 71 198
1356 0 466 166 53 155
1356 1 567 156 67 203
1357 0 463 165 58 160
1357 1 566 158 77 198
1358 0 463 165 59 160
1358 1 567 161 84 193
1359 0 463 165 58 160
1359 1 566 164 90 185
1360 0 464 165 57 161
1360 1 563 160 100 191
1361 0 465 165 55 161
1361 1 562 157 105 198
1362 0 465 166 55 161
1362 1 562 156 106 201
1363 0 464 165 55 164
1363 1 562 154 110 209
1364 0 464 163 54 167
1364 1 565 148 118 220
1365 0 461 162 55 172
1365 1 572 145 112 224
1366 0 462 163 55 171
1366 1 582 138 113 241
1367 0 465 163 55 171
1367 1 584 133 123 249
1368 0 465 163 55 171
1368 1 593 136 126 247
1369 0 465 164 56 170
1369 1 602 132 131 253
1370 0 464 165 55 168
1370 1 607 132 127 259
1371 0 463 163 57 172
1371 1 608 126 154 270
1372 0 459 164 60 170
1372 1 605 118 166 280
1373 0 453 165 65 168
1373 1 607 121 175 274
1374 0 448 166 65 167
1374 1 616 124 177 270
1375 0 445 166 66 167
1375 1 618 121 176 280
1376 0 437 165 68 169
1376 1 621 117 169 288
1377 0 433 165 71 168
1377 1 622 120 157 286
1378 0 430 163 58 189
1378 1 622 119 149 291
1379 0 429 161 56 196
1379 1 622 117 139 298
1380 0 423 156 66 205
1380 1 624 112 124 307
1381 0 419 155 66 206
1381 1 619 117 123 305
1382 0 414 156 68 203
1382 1 619 105 114 324
1383 0 402 156 65 187
1383 1 613 115 109 311
1384 0 379 133 73 226
1384 1 609 116 106 308
1385 0 376 138 63 221
1385 1 606 111 103 313
1386 0 364 147 71 220
1386 1 601 111 103 316
1387 0 349 144 82 224
1387 1 599 108 98 319
1388 0 324 144 94 224
1388 1 595 106 96 314
1389 0 307 132 91 233
1389 1 590 96 100 333
1390 0 299 131 89 236
1390 1 587 107 101 314
1391 0 274 128 105 263
1391 1 586 108 101 318
1392 0 258 140 95 247
1392 1 580 98 97 326
1393 0 245 124 92 272
1393 1 570 99 109 318
1394 0 235 119 79 246
1394 1 563 101 122 314
1395 0 222 114 72 253
1395 1 558 109 121 296
1396 0 182 105 100 271
1396 1 552 113 112 290
1397 0 137 113 129 314
1397 1 545 112 102 295
1398 0 118 104 124 327
1398 1 542 120 100 282
1399 0 534 113 102 299
1400 0 525 120 107 283
1401 0 518 128 96 272
1402 0 513 123 88 290
1403 0 503 128 86 275
1404 0 495 128 98 265
1405 0 490 134 101 256
1406 0 479 135 110 246
1407 0 469 142 111 231
1408 0 467 146 99 227
1409 0 467 149 87 215
1410 0 455 147 89 223
1411 0 451 145 84 227
1412 0 451 143 78 230
1413 0 458 145 79 222
1414 0 474 146 65 217
1415 0 473 147 69 213
1416 0 474 148 66 212
1417 0 473 151 68 208
1418 0 472 152 71 207
1419 0 468 152 68 195
1420 0 464 152 69 196
1421 0 456 150 71 200
1422 0 449 155 69 190
1423 0 440 160 70 178
1424 0 434 159 66 178
1425 0 431 164 60 160
1426 0 422 166 56 164
1427 0 409 167 57 165
1428 0 404 164 53 172
1429 0 404 163 51 174
1430 0 405 163 50 172
1431 0 407 158 45 174
1432 0 402 155 47 176
1433 0 399 152 48 181
1434 0 397 162 53 162
1435 0 393 161 49 162
1436 0 389 167 50 155
1437 0 1 48 144 374
1437 1 382 167 53 157
1438 0 377 162 51 167
1438 1 3 29 185 542
1439 0 370 167 48 154
1439 1 11 44 185 520
1440 0 360 159 46 168
1440 1 19 48 186 551
1441 0 353 162 44 158
1441 1 44 67 192 420
1442 0 346 162 44 166
1442 1 69 80 176 448
1443 0 336 163 49 169
1443 1 86 74 182 460
1444 0 327 166 45 159
1444 1 124 107 138 380
1445 0 318 167 43 152
1445 1 168 85 100 371
1446 0 313 159 39 170
1446 1 172 76 102 385
1447 0 185 82 89 309
1447 1 302 164 38 162
1448 0 192 75 92 323
1448 1 296 166 31 155
1449 0 196 78 117 380
1450 0 205 90 119 376
1451 0 195 87 147 411
1452 0 206 100 150 353
1453 0 181 111 195 326
1454 0 271 110 97 312
1455 0 267 108 117 313
1456 0 282 105 101 323
1457 0 286 106 114 322
1458 0 294 108 117 322
1459 0 302 116 117 320
1460 0 304 118 119 318
1461 0 316 124 109 303
1462 0 350 128 69 266
1463 0 358 129 69 264
1464 0 373 133 67 254
1465 0 378 136 73 258
1466 0 375 138 87 251
1467 0 379 146 97 239
1468 0 384 151 98 233
1469 0 395 152 89 231
1470 0 408 151 87 222
1471 0 420 149 80 224
1472 0 438 137 85 249
1473 0 447 131 92 258
1474 0 452 130 96 262
1475 0 463 136 96 250
1476 0 470 141 97 246
1477 0 483 139 95 251
1478 0 491 134 88 253
1479 0 501 133 83 256
1480 0 520 136 83 250
1481 0 528 137 84 248
1482 0 530 138 102 249
1483 0 542 135 99 259
1484 0 539 137 106 257
1485 0 529 135 112 256
1486 0 534 137 106 252
1487 0 551 139 104 250
1488 0 561 139 100 248
1489 0 572 128 99 264
1490 0 576 128 97 264
1491 0 576 127 96 269
1492 0 576 128 98 270
1493 0 580 133 87 261
1494 0 578 133 91 257
1495 0 577 131 89 260
1496 0 575 138 90 247
1497 0 574 144 85 235
1498 0 571 149 92 223
1499 0 570 146 89 226
1500 0 564 148 93 226
1501 0 558 147 97 224
1502 0 554 141 105 236
1503 0 552 135 110 252
1504 0 552 131 115 264
1505 0 549 132 112 260
1506 0 550 132 106 256
1507 0 551 134 97 250
1508 0 546 134 83 251
1509 0 544 125 86 268
1510 0 545 118 82 278
1511 0 545 122 79 270
1512 0 546 125 72 265
1513 0 543 129 67 262
1514 0 536 123 65 269
1515 0 534 128 67 260
1516 0 544 126 66 245
1517 0 544 122 77 271
1518 0 545 121 79 274
1519 0 542 118 89 285
1520 0 540 115 94 288
1521 0 539 122 107 280
1522 0 541 119 106 280
1523 0 537 123 119 276
1524 0 535 120 121 280
1525 0 526 115 122 288
1526 0 521 120 118 281
1527 0 514 120 121 282
1528 0 507 129 116 273
1529 0 503 122 105 282
1530 0 489 119 111 285
1531 0 484 121 111 288
1532 0 473 117 109 294
1533 0 459 113 112 308
1534 0 451 107 116 327
1535 0 446 108 113 317
1536 0 443 106 113 325
1537 0 439 109 111 321
1538 0 436 103 107 331
1539 0 433 100 107 336
1540 0 427 96 113 338
1541 0 417 91 115 339
1542 0 415 81 104 364
1543 0 418 87 96 348
1544 0 423 112 94 309
1545 0 431 120 87 298
1546 0 431 122 84 294
1547 0 437 121 76 291
1548 0 447 126 65 282
1549 0 451 133 63 266
1550 0 461 129 55 279
1551 0 464 131 59 267
1552 0 464 138 68 249
1553 0 462 136 77 250
1554 0 461 141 80 241
1555 0 463 147 79 233
1556 0 464 152 93 223
1557 0 463 161 104 216
1558 0 476 156 96 229
1559 0 504 155 82 173
1560 0 521 149 99 176
1570 0 123 83 385 487
1571 0 53 61 525 531
1572 0 30 0 575 599
1577 0 512 0 285 594
1578 0 521 35 278 516
1579 0 559 0 240 589
1580 0 586 30 208 569
1581 0 613 31 177 568
1582 0 601 12 198 587
1583 0 600 0 199 599
1584 0 610 6 184 522
1586 0 579 24 220 545
1587 0 535 77 229 492
1589 0 500 86 142 376
1590 0 508 94 134 361
1591 0 522 90 123 371
1592 0 520 92 153 359
1593 0 521 102 148 335
1594 0 522 105 143 331
1595 0 526 108 133 334
1596 0 534 114 116 326
1597 0 531 114 124 326
1598 0 537 117 115 315
1599 0 543 116 105 318
1600 0 545 128 109 279
1601 0 548 129 113 260
1602 0 548 131 118 254
1603 0 552 128 120 261
1604 0 553 133 122 249
1605 0 554 136 124 246
1606 0 549 144 127 236
1607 0 548 154 122 216
1608 0 546 157 117 214
1609 0 550 157 108 212
1610 0 547 159 105 210
1611 0 521 169 39 176
1611 1 551 159 98 200
1612 0 517 175 39 141
1612 1 547 157 99 204
1613 0 504 171 61 169
1613 1 550 155 89 203
1614 0 485 163 60 172
1614 1 535 159 88 196
1615 0 481 163 58 173
1615 1 536 160 76 191
1616 0 477 151 46 194
1616 1 526 162 77 188
1617 0 474 160 52 188
1617 1 520 163 75 186
1618 0 467 160 58 193
1618 1 516 165 74 185
1619 0 457 156 53 189
1619 1 519 165 67 190
1620 0 453 156 52 188
1620 1 505 157 63 186
1621 0 509 158 56 179
1621 1 444 158 64 207
1622 0 503 160 54 174
1622 1 440 152 66 218
1623 0 494 157 54 181
1623 1 435 148 72 223
1624 0 425 149 70 223
1624 1 491 164 47 191
1625 0 489 184 43 113
1625 1 419 146 76 225
1626 0 416 138 78 248
1627 0 480 183 41 119
1627 1 407 129 86 285
1627 2 448 150 72 227
1628 0 480 176 40 136
1628 1 405 116 83 306
1629 0 480 184 39 118
1629 1 406 116 84 300
1629 2 456 152 60 222
1630 0 484 179 36 130
1630 1 399 108 92 330
1631 0 484 181 34 125
1631 1 398 102 96 338
1632 0 484 184 34 117
1632 1 395 99 103 345
1633 0 389 95 120 393
1634 0 383 83 129 426
1635 0 377 70 143 455
1636 0 377 75 155 442
1637 0 342 59 211 533
1638 0 342 67 202 517
1639 0 353 64 185 525
1640 0 363 29 163 535
1641 0 351 37 169 519
1642 0 343 69 179 521
1643 0 334 67 186 523
1644 0 335 93 180 480
1645 0 317 93 185 491
1646 0 316 101 185 476
1647 0 311 125 191 452
1648 0 312 129 186 447
1649 0 311 141 188 433
1650 0 316 148 184 428
1651 0 320 162 177 414
1652 0 319 165 182 412
1653 0 318 170 183 405
1654 0 315 170 187 405
1655 0 309 173 203 416
1656 0 307 178 209 407
1657 0 307 179 211 405
1658 0 334 165 192 415
1659 0 305 181 216 402
1660 0 333 165 192 415
1661 0 334 166 190 414
1662 0 335 165 189 416
1663 0 333 168 193 410
1664 0 334 169 192 408
1665 0 334 187 191 392
1666 0 333 168 192 410
1667 0 333 169 193 406
1668 0 335 187 189 391
1669 0 305 183 217 400
1670 0 308 184 211 397
1671 0 306 184 215 397
1672 0 305 184 216 397
1673 0 308 182 211 400
1674 0 307 184 213 398
1675 0 305 186 215 394
1676 0 306 184 214 398
1677 0 306 183 214 399
1678 0 304 184 217 398
