0 0 327 71 161 393 34.531403
1 0 336 62 182 443 36.528522
2 0 327 55 161 393 35.720329
3 0 327 55 161 393 37.033062
4 0 327 55 161 393 38.866325
5 0 327 71 161 393 38.702850
6 0 318 62 182 443 42.251289
7 0 327 55 161 393 48.198807
8 0 327 55 161 393 47.305870
9 0 327 55 161 393 48.494026
10 0 327 55 161 393 45.023533
11 0 327 55 161 393 45.612617
12 0 327 55 161 393 48.415920
13 0 327 55 161 393 42.074192
14 0 327 55 161 393 38.336922
15 0 318 62 182 443 36.422428
16 0 318 62 182 443 41.187729
17 0 318 62 182 443 40.471649
18 0 327 55 161 393 50.225281
19 0 333 66 149 365 47.626549
20 0 327 71 161 393 54.327080
21 0 327 71 161 393 49.630066
22 0 327 55 161 393 56.306236
23 0 333 66 149 365 51.005722
24 0 327 55 161 393 50.908024
25 0 327 55 161 393 56.776466
26 0 327 55 161 393 58.944637
27 0 327 55 161 393 55.493725
28 0 327 55 161 393 58.298073
29 0 327 55 161 393 49.546162
30 0 318 66 149 365 54.372772
31 0 318 66 149 365 52.999237
32 0 318 66 149 365 50.781513
33 0 318 66 149 365 57.359661
34 0 318 66 149 365 53.829399
35 0 318 66 149 365 53.218914
36 0 318 66 149 365 55.888790
37 0 312 71 161 393 56.374977
38 0 318 66 149 365 61.072598
39 0 318 66 149 365 59.948841
40 0 318 66 149 365 60.549255
41 0 318 66 149 365 60.760582
42 0 333 66 149 365 50.193428
43 0 318 66 149 365 56.696938
44 0 318 66 149 365 55.187923
45 0 333 80 149 365 53.581734
46 0 327 55 161 393 59.825466
47 0 327 55 161 393 67.520416
48 0 327 55 161 393 57.829758
49 0 333 66 149 365 53.405628
50 0 347 66 149 365 65.946609
51 0 347 66 149 365 59.441792
52 0 343 55 161 393 62.064613
53 0 343 71 161 393 62.672119
54 0 343 71 161 393 54.889774
55 0 333 66 149 365 52.935120
56 0 333 66 149 365 56.774555
57 0 333 66 149 365 55.836445
58 0 327 55 161 393 54.833496
59 0 333 66 149 365 65.909851
60 0 333 66 149 365 67.050758
61 0 333 66 149 365 62.061115
62 0 333 66 149 365 64.477692
63 0 333 66 149 365 65.038147
64 0 333 66 149 365 62.936966
65 0 333 66 149 365 65.279388
66 0 333 66 149 365 62.867348
67 0 333 66 149 365 65.161644
68 0 333 66 149 365 60.396839
69 0 333 66 149 365 61.299080
70 0 333 66 149 365 61.734280
71 0 333 66 149 365 60.672070
72 0 333 66 149 365 60.007053
73 0 333 66 149 365 57.988163
74 0 333 66 149 365 61.026512
75 0 333 66 149 365 59.870163
76 0 333 66 149 365 60.749386
77 0 333 66 149 365 59.943291
78 0 333 66 149 365 63.356037
79 0 333 66 149 365 60.101864
80 0 333 66 149 365 60.511276
81 0 333 66 149 365 62.083130
82 0 333 66 149 365 58.857750
83 0 333 66 149 365 57.151211
84 0 333 66 149 365 60.667065
85 0 327 55 161 393 63.219345
86 0 333 66 149 365 60.661255
87 0 333 66 149 365 64.164352
88 0 333 66 149 365 61.710079
89 0 333 66 149 365 63.281761
90 0 333 66 149 365 58.164219
91 0 333 66 149 365 59.511581
92 0 333 66 149 365 62.382240
93 0 333 66 149 365 61.155441
94 0 327 55 161 393 58.442688
95 0 333 66 149 365 62.168316
96 0 327 55 161 393 62.206318
97 0 333 66 149 365 67.765495
98 0 327 55 161 393 63.177719
99 0 333 66 149 365 63.464996
100 0 333 66 149 365 61.491325
101 0 333 66 149 365 61.932644
102 0 327 55 161 393 54.783829
103 0 333 66 149 365 58.425419
104 0 333 66 149 365 57.664463
105 0 333 66 149 365 56.944790
106 0 327 55 161 393 56.283329
107 0 333 66 149 365 57.990719
108 0 333 66 149 365 55.288311
109 0 333 66 149 365 54.110783
110 0 333 66 149 365 57.203186
111 0 333 66 149 365 56.817493
112 0 333 66 149 365 55.209187
113 0 333 66 149 365 58.491409
114 0 333 66 149 365 60.134850
115 0 333 66 149 365 60.877819
116 0 327 55 161 393 57.219193
117 0 333 66 149 365 56.037586
118 0 333 66 149 365 53.682354
119 0 347 80 149 365 50.464104
120 0 343 71 161 393 54.434639
121 0 343 71 161 393 54.831440
122 0 343 71 161 393 59.432289
123 0 343 71 161 393 67.332748
124 0 343 55 161 393 65.375488
125 0 343 55 161 393 54.696602
126 0 343 55 161 393 58.323360
127 0 343 55 161 393 49.583115
128 0 336 44 182 443 42.348309
129 0 343 55 161 393 15.630883
130 0 318 26 182 443 21.573206
131 0 327 71 161 393 45.202579
132 0 235 232 63 155 16.801764
132 1 318 44 182 443 33.597290
133 0 247 240 49 119 10.766682
133 1 286 33 228 556 25.922808
134 0 286 11 228 556 40.698868
135 0 286 11 228 556 35.670837
136 0 285 10 211 515 27.684807
137 0 295 9 191 467 18.537794
138 0 285 10 211 515 13.296716
141 0 305 1 211 504 14.793507
143 0 305 1 211 504 16.781874
144 0 305 1 211 504 17.612383
145 0 305 10 211 515 7.654832
147 0 333 9 191 467 4.619153
148 0 308 1 228 544 19.077919
149 0 308 1 228 544 18.300894
150 0 308 11 228 556 20.738405
152 0 305 10 211 515 14.350027
153 0 305 10 211 515 21.711401
154 0 286 11 228 556 41.701263
155 0 286 11 228 556 40.162167
156 0 264 11 228 556 43.846504
157 0 264 11 228 556 43.118866
158 0 282 26 182 443 40.397655
159 0 264 33 228 556 41.895435
160 0 277 28 191 467 35.687355
161 0 277 28 191 467 39.745579
162 0 277 28 191 467 38.988541
163 0 282 26 182 443 36.286720
164 0 296 55 161 393 28.627310
165 0 296 55 161 393 22.618486
166 0 296 55 161 393 16.441917
171 0 340 486 41 100 5.498759
175 0 359 113 75 183 3.965073
176 0 355 257 89 217 4.408004
177 0 355 257 89 217 14.652336
178 0 367 260 82 200 13.606944
179 0 375 260 82 200 4.641328
182 0 343 153 126 307 4.455304
186 0 358 127 137 333 2.544017
187 0 389 214 98 238 1.739404
188 0 416 230 89 217 16.662458
189 0 408 214 98 238 25.301085
190 0 404 191 106 259 23.005987
191 0 425 213 89 217 17.131952
192 0 439 124 45 109 10.992454
192 1 427 214 98 238 17.163729
193 0 440 130 41 100 5.448024
193 1 427 214 98 238 14.012618
194 0 440 134 41 100 1.242883
194 1 427 214 98 238 17.327505
195 0 439 124 45 109 2.450655
195 1 427 214 98 238 17.881725
196 0 423 212 82 200 30.430597
197 0 423 220 82 200 31.116755
198 0 425 223 75 183 27.262011
199 0 417 223 75 183 15.893248
200 0 391 80 149 365 7.726950
204 0 438 137 53 129 7.267113
205 0 429 125 69 168 6.324341
206 0 429 125 69 168 0.170812
207 0 391 80 149 365 3.205417
208 0 425 121 75 183 1.247014
210 0 429 131 69 168 1.792597
212 0 425 109 106 259 7.165699
213 0 429 219 69 168 10.949657
214 0 431 220 82 200 11.215146
215 0 432 216 75 183 16.973738
216 0 434 222 89 217 17.231752
217 0 434 222 89 217 13.385638
218 0 434 222 89 217 23.670614
219 0 434 222 89 217 12.036580
220 0 427 214 98 238 17.286949
221 0 434 222 89 217 22.947582
222 0 452 133 45 109 6.012877
222 1 437 214 98 238 16.393200
223 0 437 214 98 238 22.650280
224 0 437 214 98 238 21.845102
225 0 437 214 98 238 14.215902
234 0 469 87 161 393 17.677654
235 0 469 87 161 393 29.118116
236 0 469 87 161 393 44.950024
237 0 469 87 161 393 44.782421
238 0 484 71 161 393 56.753777
239 0 484 71 161 393 49.211235
240 0 484 71 161 393 49.515858
241 0 484 71 161 393 51.582642
242 0 484 87 161 393 47.390003
243 0 484 71 161 393 41.219589
244 0 484 87 161 393 41.320332
245 0 484 87 161 393 29.225822
246 0 484 87 161 393 22.154560
247 0 484 87 161 393 6.629263
248 0 469 87 161 393 9.030755
249 0 484 87 161 393 8.098623
251 0 521 122 58 142 3.542633
256 0 493 127 58 142 14.037825
257 0 495 127 53 129 15.945046
258 0 487 127 58 142 18.094297
259 0 493 127 58 142 6.101893
261 0 499 127 58 142 10.251719
263 0 498 121 75 183 9.053762
264 0 506 121 75 183 15.884715
265 0 511 116 82 200 9.096494
266 0 500 87 161 393 8.798830
267 0 500 87 161 393 16.952143
268 0 496 79 182 443 17.644905
269 0 513 79 182 443 17.653849
270 0 513 79 182 443 4.007957
275 0 583 101 53 129 6.858494
275 1 552 178 126 307 10.587603
276 0 585 102 49 119 14.221107
285 0 500 87 161 393 5.983796
286 0 492 100 137 333 20.076309
287 0 478 100 137 333 36.037987
288 0 478 100 137 333 34.392456
289 0 478 116 126 307 29.325199
290 0 466 116 126 307 38.901718
291 0 466 116 126 307 48.379002
292 0 454 116 126 307 47.768181
293 0 461 119 116 282 47.995224
294 0 449 119 116 282 40.319893
295 0 445 129 106 259 38.260723
296 0 445 129 106 259 30.487358
297 0 435 140 106 259 31.536472
298 0 437 138 98 238 29.390127
299 0 425 129 106 259 16.580135
300 0 432 143 75 183 26.086004
301 0 425 143 75 183 26.643024
302 0 408 138 98 238 36.609726
303 0 408 138 98 238 37.188858
304 0 423 148 82 200 39.122761
305 0 423 148 82 200 45.102917
306 0 423 148 82 200 35.972080
307 0 423 148 82 200 38.007408
308 0 423 152 69 168 20.890516
309 0 415 148 82 200 50.718964
310 0 415 148 82 200 36.568577
311 0 421 158 63 155 23.626663
312 0 407 148 82 200 35.174931
313 0 415 152 63 155 41.084126
314 0 409 152 63 155 28.259687
315 0 402 158 63 155 32.641850
316 0 396 158 63 155 26.077154
317 0 390 152 63 155 24.686752
318 0 396 158 63 155 29.718454
319 0 390 152 63 155 20.427692
320 0 396 156 58 142 2.283224
332 0 338 143 89 217 2.190043
333 0 338 143 89 217 4.850963
334 0 332 138 98 238 20.260866
335 0 342 145 69 168 19.915316
336 0 342 152 69 168 29.004456
337 0 337 143 75 183 25.456676
338 0 337 143 75 183 32.029091
339 0 337 143 75 183 33.852051
340 0 337 143 75 183 37.327152
341 0 323 138 98 238 39.486420
342 0 323 138 98 238 43.113674
343 0 335 148 82 200 35.100891
344 0 338 143 89 217 32.211716
345 0 343 148 82 200 40.495564
346 0 351 148 82 200 44.307068
347 0 351 148 82 200 31.503227
348 0 359 148 82 200 29.460051
349 0 359 148 82 200 26.238592
350 0 359 148 82 200 30.741623
351 0 355 143 89 217 32.663437
352 0 359 148 82 200 15.342576
359 0 367 156 82 200 5.953187
360 0 367 148 82 200 23.467955
361 0 359 148 82 200 21.005939
362 0 366 157 75 183 30.044245
363 0 359 156 82 200 26.696388
364 0 359 156 82 200 22.073692
365 0 359 156 82 200 7.979973
366 0 359 156 82 200 5.049069
367 0 359 157 75 183 9.464825
368 0 351 156 82 200 11.787920
369 0 351 157 75 183 4.182784
382 0 327 156 82 200 1.155283
390 0 344 157 75 183 7.836741
391 0 344 165 75 183 6.347853
392 0 344 165 75 183 11.622313
410 0 368 173 58 142 2.285550
413 0 371 170 63 155 1.230621
421 0 371 179 49 119 1.057485
424 0 366 179 49 119 2.834966
429 0 369 185 45 109 5.919495
430 0 369 185 45 109 11.024830
438 0 365 185 45 109 2.307388
439 0 365 185 45 109 7.249920
440 0 365 185 45 109 19.705505
441 0 365 185 45 109 14.708529
442 0 365 185 45 109 6.114069
443 0 364 190 41 100 0.348678
444 0 364 186 41 100 3.379629
539 0 316 186 41 100 21.334471
540 0 316 186 41 100 22.551500
541 0 320 186 41 100 21.952324
542 0 320 186 41 100 16.744558
544 0 321 180 45 109 10.459660
546 0 328 182 41 100 20.251049
547 0 326 185 45 109 15.363440
548 0 330 185 45 109 24.693483
549 0 330 185 45 109 26.095297
550 0 334 185 45 109 35.067215
551 0 334 185 45 109 29.476587
552 0 339 180 45 109 37.925869
553 0 338 179 49 119 37.790394
554 0 342 179 49 119 32.412411
555 0 342 183 49 119 41.045002
556 0 340 178 53 129 38.058105
557 0 342 179 49 119 28.637146
558 0 340 173 58 142 15.517780
559 0 345 178 53 129 18.851276
560 0 347 176 45 109 13.634462
561 0 345 178 53 129 15.397573
562 0 340 173 58 142 12.186460
563 0 340 173 58 142 21.251757
566 0 340 170 63 155 26.489351
567 0 340 170 63 155 24.353647
568 0 340 170 63 155 32.856319
569 0 340 170 63 155 39.899757
570 0 335 165 69 168 34.749023
571 0 337 157 75 183 29.098963
572 0 337 157 75 183 28.292143
573 0 337 165 75 183 28.829313
574 0 342 165 69 168 28.697926
575 0 344 157 75 183 25.479532
576 0 344 157 75 183 27.589886
577 0 344 157 75 183 24.452089
578 0 344 157 75 183 28.705744
579 0 343 156 82 200 33.203869
580 0 343 156 82 200 21.957378
581 0 343 148 82 200 19.096428
582 0 338 143 89 217 16.523846
583 0 338 143 89 217 28.301594
584 0 338 143 89 217 26.764135
585 0 338 143 89 217 14.512632
586 0 338 143 89 217 13.574125
587 0 338 143 89 217 18.519363
588 0 332 138 98 238 16.862566
589 0 332 138 98 238 21.494446
590 0 332 138 98 238 25.911156
591 0 332 138 98 238 19.264910
592 0 338 135 89 217 10.156622
593 0 332 138 98 238 11.559715
594 0 332 138 98 238 6.677320
595 0 321 129 106 259 10.674362
596 0 332 138 98 238 4.654133
597 0 323 129 98 238 8.563182
610 0 280 119 116 282 3.685235
611 0 290 129 106 259 21.951521
612 0 290 129 106 259 23.050119
613 0 279 140 106 259 21.526850
614 0 280 119 116 282 20.356678
615 0 280 130 116 282 19.025532
616 0 280 119 116 282 26.548269
617 0 279 129 106 259 41.119118
618 0 279 129 106 259 35.272427
619 0 279 129 106 259 37.716881
620 0 279 129 106 259 37.169296
621 0 279 129 106 259 34.805218
622 0 279 129 106 259 29.024687
623 0 279 129 106 259 34.331017
624 0 279 129 106 259 34.656273
625 0 287 140 82 200 25.443848
626 0 287 140 82 200 22.799013
627 0 293 143 75 183 17.925064
628 0 293 143 75 183 13.696467
640 0 265 138 98 238 11.567217
641 0 265 138 98 238 33.863865
642 0 265 129 98 238 46.951214
643 0 279 140 82 200 41.650299
644 0 279 140 82 200 41.018326
645 0 275 138 98 238 38.344318
646 0 277 143 89 217 46.582935
647 0 277 143 89 217 37.218849
648 0 275 138 98 238 31.662216
649 0 277 143 89 217 24.051514
651 0 275 145 69 168 13.974147
653 0 251 143 89 217 9.449503
654 0 251 143 89 217 20.166140
655 0 242 143 89 217 26.171858
656 0 242 143 89 217 21.161798
657 0 234 135 89 217 22.081635
658 0 237 138 98 238 23.817852
659 0 227 138 98 238 29.184973
660 0 234 135 89 217 32.154549
661 0 234 143 89 217 27.296907
662 0 242 143 89 217 28.143362
663 0 242 143 89 217 30.111959
664 0 247 148 82 200 30.087196
665 0 255 148 82 200 24.989914
666 0 260 143 89 217 23.776251
667 0 263 148 82 200 34.693848
668 0 271 148 82 200 29.842867
669 0 268 143 89 217 19.324373
670 0 288 158 69 168 7.514604
672 0 303 164 63 155 1.388817
673 0 285 150 75 183 4.609385
674 0 278 157 75 183 24.910271
675 0 278 150 75 183 10.661174
676 0 271 157 75 183 15.652035
677 0 271 157 75 183 12.868196
678 0 263 157 75 183 12.211035
680 0 249 157 75 183 5.779248
681 0 241 157 75 183 24.743273
682 0 241 150 75 183 20.989258
683 0 241 157 75 183 28.734629
684 0 241 150 75 183 18.237827
685 0 248 158 69 168 16.919722
686 0 255 165 69 168 21.135035
687 0 256 157 75 183 20.958941
688 0 268 165 69 168 18.228294
689 0 275 165 69 168 30.086842
690 0 278 165 75 183 20.735071
694 0 303 170 63 155 13.234088
696 0 303 170 63 155 9.444040
697 0 303 176 63 155 12.828625
794 0 186 87 161 393 13.492038
795 0 186 87 161 393 28.132650
796 0 202 80 149 365 28.053164
797 0 202 87 161 393 27.679871
798 0 202 87 161 393 34.236641
799 0 202 87 161 393 31.878746
800 0 220 104 126 307 24.446510
801 0 232 104 126 307 15.281528
805 0 238 100 137 333 6.856194
806 0 252 100 137 333 14.597612
807 0 257 116 126 307 9.527036
811 0 246 130 116 282 4.003735
813 0 238 129 106 259 23.436440
814 0 235 119 116 282 21.432518
815 0 224 119 116 282 22.190205
816 0 224 119 116 282 18.132526
817 0 224 119 116 282 4.887247
819 0 224 130 116 282 2.637179
827 0 277 143 89 217 15.679165
828 0 287 148 82 200 7.401554
829 0 286 143 89 217 2.509027
830 0 295 148 82 200 25.208265
831 0 295 148 82 200 15.689423
832 0 295 148 82 200 21.052626
833 0 286 152 89 217 7.304205
834 0 287 148 82 200 17.346565
835 0 287 148 82 200 25.453592
836 0 279 148 82 200 37.781731
837 0 279 148 82 200 23.527641
838 0 279 148 82 200 14.121698
839 0 279 148 82 200 18.286272
840 0 279 156 82 200 16.455059
841 0 287 156 82 200 12.499789
842 0 287 156 82 200 12.881335
843 0 287 156 82 200 14.748305
844 0 287 156 82 200 7.199117
845 0 302 158 69 168 5.959324
846 0 300 157 75 183 5.539187
847 0 303 156 82 200 2.537072
848 0 311 156 82 200 1.019001
849 0 315 157 75 183 4.653171
851 0 340 168 53 129 12.720239
852 0 335 165 69 168 14.944770
853 0 335 158 69 168 15.332191
854 0 347 164 63 155 5.894489
1056 0 371 379 49 119 1.153080
1068 0 417 413 75 183 0.862618
1069 0 417 413 75 183 6.429609
1071 0 417 421 75 180 3.375494
1073 0 343 202 126 307 14.098287
1075 0 343 202 126 307 13.551339
1076 0 343 202 126 307 17.731819
1079 0 327 166 161 393 4.383066
1080 0 312 182 161 393 12.283213
1082 0 318 150 182 443 9.679695
1083 0 333 212 149 365 1.745533
1084 0 318 150 182 443 20.667515
1085 0 333 212 149 365 17.487087
1086 0 312 182 161 393 18.282772
1087 0 318 212 149 365 16.297323
1088 0 318 212 149 365 16.644424
1089 0 318 168 182 433 16.473944
1090 0 318 168 182 433 23.864244
1091 0 327 197 161 393 18.448084
1092 0 327 197 161 393 14.125864
1093 0 318 168 182 433 17.484625
1099 0 318 168 182 433 14.337390
1100 0 318 168 182 433 14.488527
1101 0 327 197 161 393 13.957351
1102 0 327 197 161 393 17.308769
1103 0 327 213 161 388 14.827983
1104 0 327 197 161 393 6.498906
1105 0 327 213 161 388 1.540984
1106 0 327 213 161 388 5.306405
1107 0 327 213 161 388 10.084249
1108 0 327 213 161 388 9.688423
1109 0 327 213 161 388 16.820652
1110 0 327 213 161 388 10.446970
1111 0 327 213 161 388 9.397832
1112 0 327 213 161 388 10.950090
1113 0 327 213 161 388 15.306635
1114 0 327 213 161 388 9.064848
1115 0 327 213 161 388 14.156904
1116 0 327 213 161 388 3.722452
1117 0 327 213 161 388 9.292017
1118 0 327 213 161 388 7.094238
1119 0 327 213 161 388 8.747036
1120 0 333 227 149 365 3.302289
1121 0 327 213 161 388 10.264019
1122 0 327 213 161 388 9.367705
1123 0 333 227 149 365 4.466044
1124 0 333 227 149 365 7.082084
1125 0 333 227 149 365 5.113389
1126 0 333 227 149 365 6.105270
1127 0 333 227 149 365 3.822747
1128 0 333 227 149 365 3.078353
1129 0 333 227 149 365 10.689831
1130 0 333 227 149 365 5.784937
1131 0 327 213 161 388 12.712644
1132 0 327 213 161 388 11.346821
1133 0 327 213 161 388 10.966749
1134 0 327 213 161 388 8.469645
1135 0 327 213 161 388 1.536080
1136 0 327 197 161 393 8.625414
1152 0 327 213 161 388 4.887139
1153 0 300 168 182 433 11.805945
1154 0 318 168 182 433 19.598019
1155 0 318 150 182 443 21.445250
1156 0 318 150 182 443 21.665031
1157 0 318 150 182 443 24.493044
1158 0 318 150 182 443 24.368536
1159 0 318 150 182 443 23.166111
1160 0 327 166 161 393 19.651611
1161 0 327 166 161 393 20.713945
1162 0 318 150 182 443 17.707758
1163 0 327 166 161 393 21.262859
1164 0 327 182 161 393 21.418703
1165 0 327 166 161 393 30.357368
1166 0 333 168 149 365 15.533722
1167 0 327 166 161 393 20.692318
1168 0 327 166 161 393 18.154346
1169 0 327 150 161 393 1.635140
1171 0 327 134 161 393 8.635566
1172 0 327 118 161 393 45.964325
1173 0 314 103 191 467 37.107327
1174 0 327 87 161 393 35.794403
1175 0 318 79 182 443 32.750813
1176 0 336 62 182 443 28.550461
1177 0 336 62 182 443 34.715855
1178 0 343 71 161 393 32.347382
1179 0 343 71 161 393 36.789009
1180 0 336 79 182 443 29.450495
1181 0 343 71 161 393 26.402725
1182 0 343 71 161 393 30.873295
1183 0 343 87 161 393 31.244776
1184 0 343 71 161 393 26.071514
1185 0 343 87 161 393 29.155375
1186 0 343 71 161 393 36.580975
1187 0 343 71 161 393 35.159019
1188 0 343 71 161 393 38.570339
1189 0 343 71 161 393 38.854336
1190 0 343 71 161 393 48.648129
1191 0 347 66 149 365 33.618855
1192 0 336 62 182 443 28.259327
1193 0 327 55 161 393 26.592764
1194 0 314 47 191 467 27.526871
1195 0 314 47 191 467 39.826588
1196 0 318 62 182 443 35.485596
1197 0 318 62 182 443 42.284210
1198 0 314 47 191 467 40.072205
1199 0 314 47 191 467 37.508438
1200 0 314 47 191 467 40.173058
1201 0 318 44 182 443 36.744640
1202 0 314 47 191 467 29.764109
1203 0 333 47 191 467 21.825777
1204 0 333 47 191 467 28.381058
1205 0 333 47 191 467 32.928352
1206 0 326 31 211 515 33.312443
1207 0 308 33 228 556 36.384651
1208 0 326 31 211 515 23.799227
1209 0 308 33 228 556 18.149122
1210 0 308 33 228 556 10.270542
1211 0 286 33 228 556 8.297532
1212 0 286 33 228 556 10.761022
1231 0 342 90 98 238 8.131330
1232 0 342 90 98 238 13.288733
1233 0 338 100 89 217 14.687708
1234 0 335 108 82 200 22.803293
1246 0 362 138 69 168 8.779637
1247 0 359 143 75 183 10.453281
1250 0 369 152 69 168 15.445976
1251 0 439 180 82 200 0.642135
1251 1 351 148 98 238 9.726764
1252 0 437 176 98 238 13.354990
1253 0 450 185 69 168 0.157142
1253 1 373 152 89 217 8.651087
1254 0 375 156 82 200 9.746523
1255 0 367 156 82 200 28.607357
1256 0 384 158 63 155 21.591867
1257 0 384 158 63 155 25.459013
1258 0 384 158 63 155 26.881168
1259 0 378 164 63 155 35.394062
1260 0 376 158 69 168 24.712578
1261 0 373 165 75 183 15.837609
1262 0 378 164 63 155 12.014934
1263 0 371 170 63 155 20.412582
1264 0 371 170 63 155 20.863068
1265 0 376 174 49 119 10.926206
1266 0 365 170 63 155 26.297754
1267 0 365 170 63 155 21.494486
1268 0 359 170 63 155 31.186804
1269 0 362 173 58 142 31.924442
1270 0 362 165 69 168 30.129221
1271 0 362 165 69 168 40.777172
1271 1 404 129 106 259 23.326889
1272 0 371 178 53 129 24.269833
1272 1 408 129 98 238 25.579935
1273 0 376 178 53 129 17.408154
1273 1 408 138 98 238 28.137260
1274 0 408 129 98 238 21.782671
1275 0 408 138 98 238 33.225979
1276 0 404 140 106 259 20.182583
1277 0 408 138 98 238 32.063927
1279 0 394 140 106 259 9.766265
1282 0 399 148 82 200 7.096044
1286 0 366 184 53 129 4.822703
1287 0 366 184 53 129 5.123711
1287 1 399 156 82 200 4.627056
1288 0 366 178 53 129 14.677228
1288 1 399 156 82 200 20.747789
1289 0 366 178 53 129 13.143573
1289 1 399 156 82 200 22.732012
1290 0 371 183 49 119 12.068293
1290 1 399 156 82 200 19.667934
1291 0 366 178 53 129 9.963009
1291 1 399 156 82 200 20.384855
1292 0 403 157 75 183 26.924721
1293 0 371 183 49 119 -0.251394
1293 1 403 157 75 183 39.105221
1294 0 403 157 75 183 39.946175
1295 0 403 158 69 168 28.843889
1296 0 403 157 75 183 40.959953
1297 0 403 157 75 183 36.200630
1298 0 403 157 75 183 38.296978
1299 0 403 157 75 183 35.944427
1300 0 403 157 75 183 39.563618
1301 0 403 157 75 183 44.041561
1302 0 403 157 75 183 43.494030
1303 0 403 157 75 183 44.952248
1304 0 403 157 75 183 50.153038
1305 0 403 157 75 183 48.575764
1306 0 409 158 69 168 37.775116
1307 0 416 158 69 168 33.718189
1308 0 416 158 69 168 43.034832
1309 0 423 158 69 168 32.440235
1310 0 425 150 75 183 11.653431
1311 0 432 157 75 183 7.155088
1313 0 447 150 75 183 0.845577
1317 0 461 157 75 183 21.740992
1319 0 470 165 69 168 1.251656
1320 0 476 165 75 183 6.726709
1322 0 447 183 49 119 16.044085
1323 0 447 179 49 119 19.609772
1324 0 448 178 53 129 11.957438
1325 0 452 182 41 100 11.226162
1326 0 448 178 53 129 18.076866
1327 0 452 180 45 109 4.484131
1328 0 448 178 53 129 19.630251
1334 0 459 178 53 129 23.318024
1335 0 464 173 53 129 9.708557
1336 0 469 173 53 129 13.763955
1337 0 469 173 53 129 16.725769
1338 0 478 180 45 109 24.736137
1339 0 476 173 58 142 29.278521
1340 0 479 178 53 129 28.850576
1341 0 485 178 53 129 25.620796
1342 0 485 178 53 129 27.579285
1342 1 543 156 82 200 9.386296
1343 0 482 173 58 142 24.535828
1343 1 535 156 82 200 14.493960
1344 0 482 173 58 142 28.318491
1344 1 535 156 82 200 21.135656
1345 0 482 173 58 142 44.748589
1345 1 535 156 82 200 33.445789
1346 0 482 173 58 142 40.303501
1346 1 535 156 82 200 30.951681
1347 0 476 173 58 142 32.423233
1347 1 529 152 89 217 30.154274
1348 0 476 173 58 142 34.521545
1348 1 535 156 82 200 31.247990
1349 0 474 178 53 129 27.039646
1349 1 535 156 82 200 32.942356
1350 0 470 173 58 142 28.107788
1350 1 535 156 82 200 25.489244
1351 0 470 173 58 142 36.048481
1351 1 535 148 82 200 29.029663
1352 0 470 173 58 142 34.035282
1352 1 543 156 82 200 18.755957
1353 0 465 173 58 142 26.369303
1354 0 465 173 58 142 30.081179
1355 0 465 173 58 142 36.021111
1356 0 465 173 58 142 42.469215
1357 0 465 173 58 142 43.538460
1358 0 464 170 63 155 39.385231
1358 1 567 148 82 200 19.319803
1359 0 458 170 63 155 44.525967
1359 1 567 148 82 200 22.052088
1360 0 458 170 63 155 42.045601
1360 1 567 148 82 200 23.408136
1361 0 459 173 58 142 44.102009
1361 1 564 143 89 217 21.486172
1362 0 452 170 63 155 41.304070
1362 1 575 148 82 200 19.641413
1363 0 452 170 63 155 49.265961
1363 1 570 138 98 238 22.684061
1364 0 452 170 63 155 44.710468
1364 1 582 143 89 217 36.976566
1365 0 452 170 63 155 42.099064
1365 1 580 138 98 238 43.451950
1366 0 452 170 63 155 44.637928
1366 1 581 129 106 259 46.262154
1367 0 452 170 63 155 48.574089
1367 1 591 129 106 259 44.572987
1368 0 452 170 63 155 43.855541
1368 1 601 129 106 259 28.318310
1369 0 458 170 63 155 48.641594
1369 1 602 116 126 307 19.294279
1370 0 458 170 63 155 58.259556
1370 1 614 116 126 307 10.399641
1371 0 452 170 63 155 55.361919
1371 1 614 116 126 307 15.170661
1372 0 452 170 63 155 45.046452
1372 1 614 116 126 307 19.336884
1373 0 452 170 63 155 40.077415
1373 1 618 119 116 282 16.595449
1374 0 443 165 69 168 40.533566
1374 1 638 116 126 307 18.215889
1375 0 446 170 63 155 23.891283
1375 1 625 113 137 333 20.238665
1376 0 440 170 63 155 24.922768
1376 1 626 116 126 307 38.564552
1377 0 429 165 69 168 25.536615
1377 1 626 104 126 307 32.431320
1378 0 427 164 63 155 14.444449
1378 1 626 116 126 307 41.098976
1379 0 415 156 82 200 18.719631
1379 1 626 116 126 307 40.269608
1380 0 410 157 75 183 23.910435
1380 1 626 116 126 307 26.262651
1381 0 399 156 82 200 22.956821
1381 1 618 119 116 282 18.454107
1382 0 402 152 63 155 4.330182
1382 1 622 119 106 259 25.047075
1383 0 607 119 116 282 22.624838
1384 0 375 148 82 200 13.096381
1384 1 585 113 137 333 16.345116
1385 0 359 148 82 200 26.496449
1385 1 596 119 116 282 12.631495
1386 0 347 143 89 217 23.630350
1387 0 332 138 98 238 14.502381
1388 0 329 143 89 217 3.769902
1390 0 290 129 106 259 24.248970
1391 0 269 129 106 259 29.840401
1392 0 258 129 106 259 18.673033
1393 0 565 104 126 307 6.247767
1394 0 551 142 116 282 15.338078
1395 0 552 116 126 307 20.271175
1396 0 540 116 126 307 28.248203
1397 0 539 119 116 282 32.070190
1398 0 528 116 126 307 31.538929
1399 0 529 129 106 259 33.255764
1400 0 518 129 106 259 32.981049
1401 0 515 104 126 307 19.527016
1402 0 503 116 126 307 14.472110
1403 0 503 104 126 307 21.476988
1404 0 491 104 126 307 34.888035
1405 0 483 119 116 282 31.192383
1406 0 483 108 116 282 33.649376
1407 0 475 138 98 238 40.490963
1408 0 465 138 98 238 44.783710
1409 0 456 138 98 238 44.441517
1410 0 460 143 89 217 46.693726
1411 0 446 138 98 238 58.257050
1412 0 446 138 98 238 46.953957
1413 0 446 138 98 238 42.030609
1414 0 460 143 89 217 46.560516
1415 0 460 135 89 217 47.213600
1416 0 468 135 89 217 38.130939
1417 0 460 143 89 217 32.581951
1418 0 469 150 75 183 37.474506
1419 0 469 150 75 183 40.279968
1420 0 461 150 75 183 31.663158
1421 0 454 157 75 183 26.877331
1422 0 447 157 75 183 33.337528
1423 0 439 157 75 183 41.641651
1424 0 432 150 75 183 28.751146
1425 0 425 150 75 183 23.697481
1426 0 416 158 69 168 24.254715
1427 0 412 163 53 129 14.043761
1428 0 407 168 53 129 13.962211
1429 0 407 168 53 129 2.384019
1430 0 407 163 53 129 14.624250
1433 0 389 158 69 168 21.787577
1439 0 362 167 58 142 18.251507
1440 0 357 167 58 142 6.197095
1441 0 352 174 49 119 7.013696
1444 0 323 173 58 142 3.748196
1457 0 282 116 126 307 0.153612
1458 0 304 119 98 238 6.469267
1459 0 304 119 98 238 6.936284
1472 0 439 140 82 200 15.879213
1473 0 442 135 89 217 11.971263
1474 0 446 138 98 238 5.131185
1475 0 465 129 98 238 24.299509
1476 0 475 138 98 238 26.211504
1477 0 486 135 89 217 11.989044
1487 0 564 135 89 217 2.443462
1488 0 564 135 89 217 5.042222
1489 0 570 129 106 259 10.006573
1491 0 580 129 98 238 0.828070
1492 0 581 129 106 259 6.712029
1493 0 582 135 89 217 0.972311
1495 0 583 132 82 200 5.837395
1496 0 575 140 82 200 10.687195
1497 0 570 129 106 259 5.315600
1498 0 560 129 106 259 9.110276
1501 0 551 138 98 238 11.074019
1508 0 663 133 63 155 -0.345919
1518 0 528 119 116 282 10.847631
1519 0 528 116 126 307 10.794942
1520 0 539 119 116 282 16.996346
1521 0 528 119 116 282 9.079486
1522 0 539 119 116 282 23.511845
1523 0 539 119 116 282 19.353035
1524 0 528 116 126 307 22.115425
1525 0 528 119 116 282 19.271576
1526 0 515 116 126 307 11.356320
1527 0 515 116 126 307 11.639621
1528 0 503 116 126 307 14.006171
1529 0 491 116 126 307 23.886061
1530 0 478 116 126 307 25.273756
1531 0 466 116 126 307 23.310835
1532 0 472 130 116 282 10.284729
1533 0 454 116 126 307 15.944321
1534 0 461 119 116 282 17.052633
1535 0 452 113 137 333 26.009228
1536 0 425 113 137 333 17.564232
1537 0 425 113 137 333 25.272751
1538 0 425 100 137 333 25.034664
1539 0 425 113 137 333 15.634062
1540 0 412 100 137 333 25.583811
1541 0 412 100 137 333 23.417912
1542 0 417 116 126 307 9.591105
1543 0 398 113 137 333 9.877703
1544 0 405 129 126 307 5.265748
1545 0 412 127 137 333 10.951411
1546 0 417 129 126 307 7.087728
1557 0 465 148 98 238 16.370527
1558 0 477 140 106 259 20.088499
1559 0 513 143 75 183 12.939491
1560 0 523 138 98 238 4.911489
1561 0 601 176 63 155 2.990909
1589 0 484 87 161 393 7.975164
1590 0 478 79 182 443 13.273941
1591 0 496 79 182 443 28.508440
1592 0 516 87 161 393 24.166338
1593 0 522 95 149 365 20.751097
1594 0 518 100 137 333 2.944049
1596 0 532 113 137 333 16.554775
1597 0 532 113 137 333 20.487078
1598 0 532 113 137 333 11.814289
1599 0 532 113 137 333 12.803289
1600 0 540 116 126 307 6.833251
1601 0 551 119 116 282 14.227336
1602 0 551 119 116 282 24.812613
1603 0 551 119 116 282 37.653534
1604 0 551 119 116 282 39.120995
1605 0 551 130 116 282 45.224350
1606 0 549 140 106 259 45.841389
1607 0 549 140 106 259 37.909500
1608 0 549 140 106 259 37.645657
1609 0 551 138 98 238 31.649681
1610 0 551 138 98 238 40.702965
1611 0 555 152 89 217 39.254597
1612 0 547 152 89 217 32.741673
1613 0 538 152 89 217 21.756493
1614 0 535 156 82 200 34.779400
1615 0 483 165 69 168 3.875661
1615 1 527 156 82 200 38.193687
1616 0 469 165 75 183 4.781552
1616 1 527 156 82 200 32.904610
1617 0 520 165 75 183 23.167561
1617 1 463 164 82 200 0.958999
1618 0 517 165 69 168 28.744017
1618 1 455 156 82 200 5.915876
1619 0 510 165 69 168 29.526583
1619 1 447 164 82 200 8.959886
1620 0 447 165 75 183 20.757042
1620 1 498 165 75 183 21.351439
1621 0 497 165 69 168 31.793121
1621 1 434 161 89 217 12.405888
1622 0 490 172 69 168 25.877800
1623 0 489 176 63 155 22.417425
1623 1 418 148 98 238 1.559797
1624 0 483 170 63 155 6.137767
1624 1 416 152 89 217 7.080308
1626 0 392 129 126 307 1.768062
1627 0 407 140 82 200 2.396163
1628 0 465 173 58 142 -0.385233
1629 0 385 127 137 333 11.837625
1630 0 385 127 137 333 8.849317
1631 0 385 113 137 333 16.287645
1632 0 385 113 137 333 20.095572
1633 0 376 110 149 365 24.196224
1634 0 376 95 149 365 18.639387
1635 0 376 95 149 365 24.634853
1636 0 371 62 182 443 33.116566
1637 0 370 66 191 467 27.761538
1638 0 371 62 182 443 39.630173
1639 0 375 71 161 393 36.006596
1640 0 375 71 161 393 34.075218
1641 0 351 66 191 467 16.303867
