0 0 320 29 164 527
1 0 318 59 166 439
2 0 320 26 160 521
3 0 317 26 163 513
4 0 317 38 163 505
5 0 306 67 167 379
6 0 315 58 170 455
7 0 313 59 170 455
8 0 327 48 147 490
9 0 314 36 166 510
10 0 314 53 171 456
11 0 312 62 172 427
12 0 312 33 168 520
13 0 316 50 161 402
14 0 308 45 182 461
15 0 324 31 154 485
16 0 316 50 162 492
17 0 321 57 168 443
18 0 326 44 163 396
19 0 320 29 157 521
20 0 319 33 173 511
21 0 322 47 158 488
22 0 321 52 171 457
23 0 327 37 157 533
24 0 322 28 166 522
25 0 314 48 159 458
26 0 324 38 164 502
27 0 323 17 163 540
28 0 324 37 159 517
29 0 331 38 138 503
30 0 323 29 153 521
31 0 328 42 154 509
32 0 321 30 161 519
33 0 323 35 157 515
34 0 322 36 151 509
35 0 321 36 153 512
36 0 325 37 154 513
37 0 323 43 155 508
38 0 322 44 159 506
39 0 310 43 166 499
40 0 322 58 151 468
41 0 325 53 147 484
42 0 315 40 162 508
43 0 321 35 154 520
44 0 322 31 149 505
45 0 318 25 157 489
46 0 323 26 157 483
47 0 333 32 148 456
48 0 341 22 130 509
49 0 348 18 143 526
50 0 340 34 147 520
51 0 342 29 144 546
52 0 342 36 141 453
53 0 344 42 138 470
54 0 341 42 141 498
55 0 345 44 134 448
56 0 340 49 136 450
57 0 336 50 146 438
58 0 338 61 140 392
59 0 340 35 131 528
60 0 339 45 141 512
61 0 339 36 141 516
62 0 343 58 128 466
63 0 342 37 123 452
64 0 333 48 139 460
65 0 342 48 124 426
66 0 332 57 143 395
67 0 345 32 138 520
68 0 343 35 134 526
69 0 337 35 132 517
70 0 334 58 139 403
71 0 334 57 137 407
72 0 344 59 129 396
73 0 332 43 140 517
74 0 334 58 137 405
75 0 335 57 138 408
76 0 331 38 150 494
77 0 342 36 136 503
78 0 344 25 126 497
79 0 334 62 141 397
80 0 342 54 132 410
81 0 344 50 132 405
82 0 343 55 134 413
83 0 343 57 133 408
84 0 342 53 135 413
85 0 343 54 135 407
86 0 343 52 135 412
87 0 342 54 136 404
88 0 343 56 131 404
89 0 344 53 135 405
90 0 329 59 147 399
91 0 327 60 149 396
92 0 330 47 148 411
93 0 328 53 150 484
94 0 331 56 148 470
95 0 336 26 147 546
96 0 342 48 136 412
97 0 343 49 136 419
98 0 333 58 142 402
99 0 342 49 137 422
100 0 343 49 136 419
101 0 331 33 142 524
102 0 340 38 143 512
103 0 329 43 153 431
104 0 331 50 149 411
105 0 334 43 135 431
106 0 337 28 146 518
107 0 332 50 147 410
108 0 338 41 144 511
109 0 343 44 141 476
110 0 346 43 144 453
111 0 336 54 161 395
112 0 335 45 151 511
113 0 327 43 157 401
114 0 334 34 140 458
115 0 343 49 140 414
116 0 342 44 141 425
117 0 343 34 133 527
118 0 344 29 133 527
119 0 342 31 133 523
120 0 345 49 148 410
121 0 335 44 147 498
122 0 338 38 146 504
123 0 342 28 153 537
124 0 345 42 139 458
125 0 344 14 154 530
126 0 335 28 169 474
127 0 334 27 178 457
128 0 327 24 167 481
129 0 338 14 161 556
130 0 334 41 136 529
131 0 316 65 185 392
132 0 270 39 237 441
133 0 266 22 228 511
134 0 260 9 244 494
135 0 278 2 214 555
136 0 286 0 200 565
137 0 290 18 187 527
138 0 285 12 184 550
139 0 289 20 188 553
140 0 293 0 198 573
141 0 294 0 194 529
142 0 290 6 212 566
143 0 304 6 190 546
144 0 289 6 217 561
145 0 294 0 236 588
146 0 307 0 211 576
147 0 300 6 211 545
148 0 308 0 230 575
149 0 304 0 236 566
150 0 291 0 239 547
151 0 299 0 230 546
152 0 294 2 211 584
153 0 303 7 187 561
154 0 286 36 206 533
155 0 280 21 185 536
156 0 280 5 200 537
157 0 283 0 188 555
158 0 280 7 171 489
159 0 264 7 199 547
160 0 271 10 165 464
161 0 273 33 176 512
162 0 285 11 154 526
163 0 290 18 139 488
164 0 295 32 124 460
165 0 295 40 129 395
166 0 308 43 113 417
167 0 316 52 102 496
168 0 325 72 85 383
169 0 313 74 113 367
170 0 337 72 84 457
171 0 339 81 73 338
172 0 345 99 71 270
173 0 350 88 70 306
174 0 343 96 80 237
175 0 342 101 82 236
176 0 352 99 75 392
177 0 339 83 100 397
178 0 345 89 112 381
179 0 344 89 118 387
180 0 353 88 107 393
181 0 352 86 123 399
182 0 359 85 109 414
183 0 362 94 111 391
184 0 370 91 92 373
185 0 376 97 95 358
186 0 374 91 113 379
187 0 392 99 89 363
188 0 404 96 82 378
189 0 397 95 107 366
190 0 411 106 95 326
191 0 405 84 102 356
192 0 408 85 100 346
193 0 412 81 104 372
194 0 422 81 101 385
195 0 420 95 97 351
196 0 423 90 85 370
197 0 416 96 97 343
198 0 420 90 72 383
199 0 428 82 67 377
200 0 433 83 64 405
201 0 435 92 74 374
202 0 425 87 87 380
203 0 426 98 78 305
204 0 418 105 97 383
205 0 431 89 83 380
206 0 434 102 79 370
207 0 432 101 72 380
208 0 424 91 88 389
209 0 425 99 76 367
212 0 433 106 67 395
213 0 435 99 67 384
214 0 428 79 78 425
215 0 427 87 87 394
216 0 433 95 85 396
217 0 436 104 81 378
218 0 436 85 74 440
219 0 434 98 86 396
220 0 433 89 96 402
221 0 430 101 94 361
222 0 438 94 95 363
223 0 435 82 94 395
224 0 431 99 115 370
225 0 428 90 117 367
226 0 445 74 104 396
227 0 434 80 123 403
228 0 439 70 124 428
229 0 440 73 130 424
230 0 448 80 124 407
231 0 444 72 132 422
232 0 447 64 135 423
233 0 453 74 130 389
234 0 461 73 145 383
235 0 476 57 142 434
236 0 477 78 152 406
237 0 481 73 162 392
238 0 480 72 164 398
239 0 490 71 149 393
240 0 492 71 142 389
241 0 493 74 154 385
242 0 497 79 141 382
243 0 501 81 133 380
244 0 502 69 140 416
245 0 491 75 148 390
246 0 502 83 139 319
247 0 494 102 142 291
248 0 500 95 117 368
249 0 494 65 116 435
250 0 492 81 113 419
251 0 498 74 109 429
252 0 496 70 107 426
253 0 486 81 103 415
254 0 477 94 114 396
255 0 476 102 101 329
256 0 474 97 101 366
257 0 477 99 90 359
258 0 475 99 85 348
259 0 487 93 91 364
260 0 480 105 109 364
261 0 485 87 102 370
262 0 482 94 120 372
263 0 493 101 118 387
264 0 496 81 129 412
265 0 502 98 118 386
266 0 514 82 135 412
267 0 515 73 126 440
268 0 505 65 140 460
269 0 513 61 146 463
270 0 521 51 148 481
271 0 519 42 155 475
272 0 550 50 122 485
273 0 544 44 153 489
274 0 554 44 156 491
275 0 546 32 148 504
276 0 549 39 153 506
277 0 558 44 148 509
278 0 546 38 137 520
279 0 558 51 119 497
280 0 549 52 131 484
281 0 543 64 123 480
282 0 533 68 125 469
283 0 517 76 137 459
284 0 520 74 121 457
285 0 503 96 127 383
286 0 504 89 112 393
287 0 506 94 96 370
288 0 494 98 108 370
289 0 488 97 98 369
290 0 483 96 96 357
291 0 476 102 102 347
292 0 455 116 122 314
293 0 453 132 118 303
294 0 449 121 126 319
295 0 448 132 102 298
296 0 438 131 107 292
297 0 456 142 75 272
298 0 437 131 90 291
299 0 419 134 112 287
300 0 421 140 108 258
301 0 426 136 70 231
302 0 407 145 88 220
303 0 420 154 82 208
304 0 427 140 70 228
305 0 423 136 72 258
306 0 418 141 90 245
307 0 423 149 74 235
308 0 422 143 70 245
309 0 410 136 82 260
310 0 420 149 81 214
311 0 416 151 77 217
312 0 414 154 63 185
313 0 409 159 74 194
314 0 413 158 63 186
315 0 400 159 66 200
316 0 403 157 54 193
317 0 385 148 65 222
318 0 396 159 47 200
319 0 396 150 57 198
320 0 399 151 52 200
321 0 383 136 57 221
322 0 377 122 62 232
323 0 394 138 52 212
324 0 392 138 55 205
325 0 387 136 60 219
326 0 373 146 66 202
327 0 374 140 61 216
328 0 361 134 77 230
329 0 359 136 73 220
330 0 365 145 62 202
331 0 356 141 62 211
332 0 345 140 70 211
333 0 341 142 82 206
334 0 344 137 69 216
335 0 320 148 99 199
336 0 339 131 78 240
337 0 339 135 83 219
338 0 330 140 89 218
339 0 327 139 93 219
340 0 328 133 88 239
341 0 331 134 83 242
342 0 335 135 76 246
343 0 340 131 73 242
344 0 350 127 62 257
345 0 348 143 72 211
346 0 348 143 79 227
347 0 354 142 67 226
348 0 355 140 71 226
349 0 364 142 66 216
350 0 365 144 68 215
351 0 373 153 67 192
352 0 374 147 62 199
353 0 380 147 56 202
354 0 379 139 46 210
355 0 382 136 47 216
358 0 375 131 61 229
359 0 383 138 50 223
360 0 380 138 52 218
361 0 378 147 56 206
362 0 371 140 57 222
363 0 371 128 66 237
364 0 365 153 63 195
365 0 362 142 64 215
367 0 364 139 58 209
370 0 355 155 66 191
371 0 347 148 67 197
372 0 350 162 62 181
373 0 345 156 61 196
374 0 339 159 72 185
375 0 346 150 60 182
376 0 342 145 59 193
377 0 343 155 59 182
378 0 341 160 58 189
379 0 333 156 65 201
380 0 343 152 59 196
381 0 338 147 67 197
382 0 342 158 59 191
383 0 339 163 65 180
384 0 343 160 63 170
386 0 349 160 54 169
387 0 351 152 53 175
388 0 345 155 59 184
389 0 347 164 58 166
390 0 344 159 63 178
391 0 355 167 55 182
392 0 358 167 46 186
393 0 351 167 50 176
394 0 350 165 51 187
395 0 359 162 49 183
396 0 357 162 46 168
397 0 362 156 49 173
398 0 366 161 38 166
408 0 371 181 45 138
420 0 374 184 42 126
425 0 364 169 49 136
426 0 363 178 40 131
427 0 366 169 42 144
428 0 363 179 40 122
429 0 372 181 36 126
430 0 373 172 35 137
431 0 377 179 30 128
432 0 374 176 35 125
433 0 376 180 35 115
434 0 376 185 39 110
435 0 381 184 33 97
437 0 373 188 34 98
441 0 363 193 43 109
456 0 355 186 30 88
457 0 353 191 30 87
458 0 346 189 43 90
537 0 320 187 33 84
538 0 321 181 31 91
539 0 319 182 33 97
540 0 321 185 37 88
541 0 322 187 34 90
542 0 326 192 29 93
543 0 314 184 54 89
544 0 319 190 51 89
545 0 315 187 45 90
546 0 328 194 33 78
547 0 321 194 52 103
548 0 329 187 32 99
549 0 329 186 37 104
550 0 337 190 39 108
551 0 335 188 32 108
552 0 342 193 32 96
553 0 334 194 41 101
554 0 342 192 38 112
555 0 353 181 37 123
555 1 337 178 32 118
556 0 347 184 38 140
557 0 344 176 41 128
558 0 342 171 43 145
559 0 349 170 40 151
560 0 352 166 43 146
561 0 344 168 50 151
562 0 345 161 50 159
563 0 349 168 51 152
564 0 348 174 61 146
565 0 347 167 61 164
566 0 345 157 60 177
567 0 345 157 61 179
568 0 345 166 65 162
569 0 344 164 67 173
570 0 344 163 64 173
571 0 344 156 61 183
572 0 343 154 63 186
573 0 344 152 64 188
574 0 348 160 64 185
575 0 342 148 71 196
576 0 345 156 81 192
577 0 351 146 60 214
578 0 341 155 74 191
579 0 340 148 77 202
580 0 342 151 81 207
581 0 327 134 107 236
582 0 332 137 108 248
583 0 343 140 75 221
584 0 343 139 76 226
585 0 344 137 73 253
586 0 342 135 76 236
587 0 338 131 83 245
588 0 337 131 86 242
589 0 333 129 102 251
590 0 332 124 102 258
591 0 334 119 104 269
592 0 332 128 105 260
593 0 330 120 109 278
594 0 336 133 88 249
595 0 336 134 87 249
596 0 342 127 78 270
597 0 335 120 82 263
598 0 326 125 101 257
599 0 333 128 78 278
600 0 342 127 66 291
601 0 338 129 66 237
602 0 332 132 58 217
603 0 324 119 61 292
604 0 328 129 53 272
605 0 329 134 51 240
606 0 319 132 61 279
607 0 317 124 60 276
608 0 309 132 67 248
609 0 302 125 63 281
610 0 299 121 76 277
611 0 285 115 96 292
612 0 300 129 82 260
613 0 289 123 92 275
614 0 278 134 113 266
615 0 282 133 86 254
616 0 282 118 82 278
617 0 270 120 112 289
618 0 280 118 88 278
619 0 270 115 112 271
620 0 266 113 116 281
621 0 267 115 114 273
622 0 278 124 91 259
623 0 279 108 92 268
624 0 288 130 76 250
625 0 272 133 106 275
626 0 287 128 85 271
627 0 301 124 66 274
628 0 291 134 74 253
629 0 297 136 65 236
630 0 296 137 63 250
631 0 299 140 61 230
632 0 298 129 68 243
633 0 311 141 56 232
634 0 300 147 66 221
635 0 270 139 104 238
636 0 282 140 101 244
637 0 285 134 91 249
638 0 278 144 98 236
639 0 261 140 110 240
640 0 278 137 82 228
641 0 277 137 70 226
642 0 274 135 74 229
643 0 283 121 67 258
644 0 285 128 69 257
645 0 290 131 64 245
646 0 284 137 63 227
647 0 275 148 95 240
648 0 291 123 68 247
649 0 274 134 90 244
650 0 276 125 72 265
651 0 274 133 63 192
652 0 263 125 71 228
653 0 257 135 67 214
654 0 252 126 70 236
655 0 260 133 63 227
656 0 249 144 71 209
657 0 233 138 88 231
658 0 233 142 88 233
659 0 237 142 77 221
660 0 232 146 84 212
661 0 241 138 88 223
662 0 247 135 78 230
663 0 247 151 74 206
664 0 248 143 90 217
665 0 265 145 63 222
666 0 275 159 56 193
667 0 278 150 64 195
669 0 280 167 70 191
670 0 285 171 74 180
671 0 298 161 52 185
672 0 296 160 59 187
674 0 284 159 57 170
675 0 275 166 62 166
676 0 281 157 55 176
677 0 269 171 72 167
678 0 263 169 74 171
681 0 240 163 76 168
682 0 241 149 72 184
683 0 246 152 69 178
684 0 241 161 70 167
685 0 247 160 62 163
691 0 289 180 53 156
693 0 302 177 58 159
694 0 312 180 49 149
695 0 311 175 40 153
696 0 310 177 45 145
697 0 312 168 40 150
698 0 312 168 48 164
699 0 324 167 40 152
700 0 322 165 43 155
701 0 332 169 45 140
707 0 369 167 47 148
708 0 373 169 48 150
709 0 369 166 50 148
710 0 374 165 49 146
712 0 390 157 37 152
713 0 400 172 31 132
714 0 403 171 29 148
752 0 507 149 65 241
753 0 502 139 59 231
754 0 502 132 60 254
755 0 497 125 76 246
756 0 492 127 77 230
757 0 481 128 91 256
758 0 480 132 85 250
759 0 465 120 109 257
760 0 475 132 83 245
761 0 455 116 96 283
762 0 450 134 77 247
763 0 431 118 101 283
766 0 422 106 63 296
767 0 385 114 109 273
768 0 389 117 84 254
769 0 369 98 100 299
770 0 366 100 103 308
771 0 327 81 137 345
772 0 334 78 126 365
773 0 315 94 134 357
774 0 316 59 122 401
775 0 304 91 109 372
778 0 279 62 105 434
779 0 269 67 112 416
780 0 251 76 132 398
781 0 244 54 135 450
782 0 250 61 130 441
783 0 254 64 131 452
784 0 246 57 107 376
785 0 209 58 143 410
786 0 199 53 138 413
787 0 207 64 128 378
788 0 197 74 139 373
789 0 207 65 133 421
790 0 201 69 141 443
791 0 206 68 141 434
792 0 202 55 136 443
793 0 186 71 145 421
794 0 175 71 157 387
795 0 188 75 137 390
796 0 187 66 150 374
797 0 200 77 142 357
798 0 214 77 125 394
799 0 211 91 130 342
800 0 223 99 128 389
801 0 241 106 99 358
802 0 242 101 94 334
803 0 248 104 97 329
804 0 249 96 97 357
805 0 269 102 75 335
806 0 263 104 103 320
807 0 285 100 78 314
808 0 269 96 106 338
809 0 266 119 108 307
811 0 254 129 89 291
812 0 253 124 90 289
813 0 252 112 88 296
814 0 229 114 99 298
815 0 230 120 102 276
816 0 212 112 124 282
818 0 223 99 88 331
819 0 229 124 93 298
821 0 238 130 84 293
822 0 246 119 87 316
827 0 282 134 74 219
828 0 287 141 76 205
829 0 304 143 59 218
830 0 299 147 70 211
831 0 308 144 71 205
832 0 297 156 69 198
834 0 287 144 78 203
835 0 293 142 64 216
836 0 282 139 76 213
837 0 291 150 63 203
838 0 290 151 62 206
839 0 292 157 72 192
840 0 286 157 72 194
841 0 282 146 80 218
842 0 286 145 69 202
843 0 294 140 65 219
854 0 342 167 63 154
855 0 356 165 55 169
856 0 352 163 57 173
857 0 350 159 58 171
858 0 357 162 55 152
859 0 358 161 51 156
860 0 363 154 54 175
861 0 364 170 59 157
862 0 359 162 61 155
868 0 374 144 54 192
869 0 374 145 57 182
870 0 375 159 57 176
871 0 371 162 80 159
872 0 384 149 57 175
873 0 386 155 59 180
874 0 373 160 68 168
875 0 380 155 65 176
876 0 393 153 65 186
877 0 416 155 52 145
878 0 399 148 59 197
1006 0 614 224 166 305
1007 0 603 197 184 347
1008 0 576 210 204 337
1009 0 577 172 192 382
1010 0 552 178 216 375
1011 0 542 205 213 346
1012 0 530 199 212 358
1013 0 530 204 189 334
1014 0 524 215 183 289
1015 0 508 233 190 269
1016 0 498 222 186 281
1017 0 480 226 182 279
1018 0 477 219 175 279
1019 0 464 232 188 259
1020 0 467 226 158 255
1021 0 463 230 153 247
1022 0 451 225 155 249
1023 0 449 232 130 227
1024 0 437 230 140 254
1025 0 437 226 129 265
1026 0 426 217 136 264
1027 0 428 225 114 235
1028 0 408 213 135 278
1029 0 399 226 126 230
1030 0 410 222 107 244
1031 0 393 207 120 253
1032 0 381 206 128 272
1033 0 391 216 129 264
1034 0 389 208 138 280
1035 0 389 212 136 284
1036 0 389 209 140 287
1037 0 390 201 140 294
1038 0 394 200 134 297
1039 0 392 201 137 302
1040 0 394 200 139 305
1041 0 394 191 143 319
1042 0 396 192 136 321
1043 0 391 197 143 320
1044 0 390 197 141 319
1045 0 380 195 151 333
1046 0 392 199 122 318
1047 0 374 190 147 341
1048 0 386 201 123 324
1049 0 382 207 136 316
1050 0 362 184 160 366
1051 0 358 204 153 337
1052 0 370 200 144 338
1053 0 364 186 143 360
1054 0 359 182 152 371
1055 0 356 199 143 333
1056 0 349 183 152 373
1057 0 347 179 151 377
1058 0 357 187 134 361
1059 0 349 187 148 380
1060 0 345 165 149 377
1061 0 325 180 159 393
1062 0 322 178 160 403
1063 0 329 172 150 403
1064 0 317 176 163 399
1065 0 321 171 156 417
1066 0 322 179 159 387
1067 0 316 177 173 397
1068 0 315 188 177 379
1069 0 321 171 171 414
1070 0 315 189 173 384
1071 0 312 177 182 392
1072 0 318 189 162 383
1073 0 313 182 180 390
1074 0 310 189 176 380
1075 0 314 183 170 406
1076 0 308 188 181 382
1077 0 307 181 185 382
1078 0 309 183 187 389
1079 0 313 165 171 419
1080 0 312 143 171 446
1081 0 312 152 184 426
1082 0 297 152 206 421
1083 0 303 147 189 437
1084 0 303 148 196 447
1085 0 297 142 199 450
1086 0 293 154 205 441
1087 0 295 149 201 445
1088 0 296 153 194 443
1089 0 296 150 198 445
1090 0 297 151 199 444
1091 0 301 137 200 462
1092 0 290 159 196 439
1093 0 283 133 229 466
1094 0 296 149 213 438
1095 0 306 139 205 460
1096 0 290 129 228 470
1097 0 302 131 228 461
1098 0 292 138 225 461
1099 0 263 145 262 454
1100 0 261 152 258 445
1101 0 265 153 256 444
1102 0 286 153 212 446
1103 0 291 145 207 448
1104 0 292 150 207 446
1105 0 291 162 209 421
1106 0 293 161 211 426
1107 0 291 175 212 405
1108 0 281 164 224 435
1109 0 295 159 204 440
1110 0 295 154 206 445
1111 0 280 167 237 432
1112 0 298 167 205 430
1113 0 298 170 206 428
1114 0 282 170 239 429
1115 0 285 167 230 432
1116 0 275 168 250 431
1117 0 297 170 207 428
1118 0 283 161 232 438
1119 0 296 164 204 433
1120 0 278 184 248 412
1121 0 276 179 253 417
1122 0 276 183 253 407
1123 0 279 169 244 429
1124 0 279 166 243 433
1125 0 277 169 246 430
1126 0 276 169 248 430
1127 0 277 170 242 425
1128 0 275 167 248 432
1129 0 275 172 247 420
1130 0 276 162 248 437
1131 0 295 160 213 439
1132 0 276 172 252 427
1133 0 283 167 247 432
1134 0 286 162 221 422
1135 0 285 148 235 440
1136 0 286 161 256 436
1137 0 288 142 239 456
1138 0 286 144 247 455
1139 0 263 139 278 459
1140 0 300 149 220 444
1141 0 283 128 275 471
1142 0 304 135 224 463
1143 0 304 139 218 460
1144 0 276 137 256 457
1145 0 288 160 222 437
1146 0 291 138 236 461
1147 0 286 152 243 447
1148 0 287 157 220 441
1149 0 284 145 242 445
1150 0 300 132 206 463
1151 0 293 136 210 463
1152 0 274 131 250 466
1153 0 288 150 220 449
1154 0 289 119 220 466
1155 0 301 143 202 456
1156 0 295 152 199 445
1157 0 317 150 175 440
1158 0 298 127 230 470
1159 0 301 156 199 420
1160 0 308 150 185 437
1161 0 309 147 197 447
1162 0 314 154 190 445
1163 0 314 152 174 411
1164 0 317 167 185 400
1165 0 319 165 182 404
1166 0 312 152 176 430
1167 0 313 149 180 438
1168 0 323 150 166 427
1169 0 329 127 167 454
1170 0 324 114 160 470
1171 0 330 121 149 443
1172 0 322 104 157 460
1173 0 322 95 157 452
1174 0 328 68 156 493
1175 0 334 75 157 478
1176 0 351 59 131 502
1177 0 343 53 145 508
1178 0 350 54 143 481
1179 0 341 66 150 464
1180 0 352 71 145 460
1181 0 343 82 156 440
1182 0 347 69 149 462
1183 0 356 81 144 451
1184 0 364 76 133 439
1185 0 354 60 134 456
1186 0 361 45 140 456
1187 0 355 65 138 408
1188 0 363 75 128 407
1189 0 364 73 130 419
1190 0 348 69 147 427
1191 0 355 35 125 496
1192 0 342 42 154 471
1193 0 336 22 148 512
1194 0 329 47 171 507
1195 0 339 47 150 449
1196 0 333 51 154 440
1197 0 330 30 167 527
1198 0 329 26 167 540
1199 0 335 35 155 503
1200 0 343 19 154 533
1201 0 324 27 172 552
1202 0 334 38 154 464
1203 0 337 34 165 503
1204 0 339 32 160 508
1205 0 343 18 148 532
1206 0 344 20 158 537
1207 0 330 10 187 537
1208 0 348 47 175 521
1209 0 346 33 180 551
1210 0 348 23 182 546
1211 0 337 0 184 576
1212 0 334 5 185 590
1213 0 331 18 169 525
1214 0 327 0 168 577
1215 0 303 19 201 560
1216 0 296 17 210 582
1217 0 299 11 209 571
1218 0 311 32 186 539
1219 0 307 0 178 573
1220 0 303 0 191 551
1221 0 328 0 181 558
1222 0 314 0 186 556
1223 0 320 0 175 487
1224 0 325 0 159 516
1225 0 311 1 176 570
1226 0 291 9 352 536
1227 0 323 12 138 483
1227 1 369 10 393 589
1228 0 320 33 123 511
1228 1 443 11 331 588
1229 0 320 31 112 497
1229 1 365 9 363 587
1230 0 318 69 97 312
1230 1 427 25 299 558
1231 0 304 71 113 461
1231 1 328 37 391 552
1232 0 331 87 70 256
1232 1 461 36 193 547
1233 0 343 106 63 239
1233 1 440 37 198 543
1234 0 447 42 164 493
1234 1 334 113 67 270
1235 0 302 89 93 385
1235 1 440 37 147 488
1236 0 425 61 146 448
1236 1 309 92 78 373
1237 0 314 113 80 331
1237 1 423 45 150 470
1238 0 421 35 162 477
1238 1 323 109 69 334
1239 0 440 40 145 476
1239 1 323 113 67 317
1240 0 322 125 76 294
1240 1 436 41 153 470
1241 0 325 112 79 291
1241 1 430 52 159 468
1242 0 433 44 150 474
1242 1 345 126 55 283
1243 0 443 44 131 471
1243 1 356 121 48 275
1244 0 438 62 125 448
1244 1 356 129 59 255
1245 0 432 67 131 459
1245 1 361 114 52 272
1246 0 365 125 50 249
1246 1 434 78 128 420
1247 0 438 94 114 408
1247 1 362 125 46 255
1248 0 363 132 55 247
1248 1 434 86 103 431
1249 0 367 130 57 251
1249 1 430 79 114 432
1250 0 372 136 57 249
1250 1 434 105 90 360
1251 0 375 147 57 239
1251 1 432 109 90 341
1252 0 429 116 103 323
1252 1 365 147 67 251
1253 0 436 115 99 320
1253 1 362 156 84 223
1254 0 442 109 87 333
1254 1 367 139 81 244
1255 0 436 110 81 319
1255 1 371 142 73 219
1256 0 426 117 100 299
1256 1 373 138 76 221
1257 0 434 97 76 329
1257 1 371 150 80 223
1258 0 434 106 77 304
1258 1 374 147 71 214
1259 0 431 112 84 294
1259 1 375 142 65 225
1260 0 426 112 105 312
1260 1 377 141 70 235
1261 0 426 126 96 281
1261 1 382 138 61 223
1262 0 419 119 99 282
1262 1 374 158 63 188
1263 0 422 114 93 285
1263 1 375 146 63 213
1264 0 425 122 89 281
1264 1 371 144 64 217
1265 0 424 125 71 267
1265 1 367 155 64 205
1266 0 411 142 80 233
1266 1 366 163 58 177
1267 0 411 115 82 283
1267 1 370 162 52 184
1268 0 417 126 72 263
1268 1 357 159 65 174
1269 0 413 130 67 258
1269 1 359 157 62 179
1270 0 409 127 88 276
1270 1 362 165 60 164
1271 0 418 132 82 260
1271 1 370 164 49 163
1272 0 424 134 71 230
1272 1 363 168 59 167
1273 0 425 138 66 230
1273 1 372 173 49 155
1274 0 424 137 66 233
1274 1 377 174 49 143
1275 0 423 133 69 240
1275 1 379 164 46 153
1276 0 421 140 66 224
1276 1 377 161 44 156
1277 0 419 144 69 223
1277 1 378 164 42 149
1278 0 417 153 77 205
1278 1 374 176 45 145
1279 0 420 142 67 231
1279 1 374 168 45 149
1280 0 395 142 86 212
1280 1 375 155 49 176
1281 0 386 148 88 210
1282 0 386 148 91 192
1283 0 409 149 74 205
1284 0 404 145 78 212
1284 1 380 169 38 152
1285 0 402 149 74 199
1285 1 371 165 40 157
1286 0 396 156 79 190
1287 0 392 164 79 179
1288 0 405 155 66 201
1288 1 372 153 37 171
1289 0 406 156 64 200
1289 1 368 169 38 154
1290 0 407 153 64 198
1290 1 370 173 38 144
1291 0 411 152 61 199
1291 1 372 175 41 143
1292 0 412 154 63 187
1292 1 371 174 43 142
1293 0 407 145 67 219
1293 1 369 175 43 142
1294 0 410 152 63 185
1294 1 373 175 40 139
1295 0 409 152 61 184
1295 1 376 164 36 158
1296 0 409 161 61 171
1296 1 376 167 39 152
1297 0 408 160 62 177
1298 0 406 162 64 176
1299 0 397 160 68 176
1300 0 403 168 69 162
1301 0 398 159 63 175
1302 0 407 165 65 167
1303 0 398 162 66 170
1304 0 406 162 64 171
1305 0 404 169 68 160
1306 0 411 161 69 155
1307 0 411 155 68 180
1308 0 412 168 70 166
1309 0 421 169 71 169
1310 0 426 172 65 154
1311 0 426 179 68 156
1312 0 439 158 59 171
1313 0 452 163 58 167
1314 0 437 178 74 138
1315 0 449 173 68 159
1316 0 467 161 56 164
1316 1 441 186 31 122
1317 0 471 162 54 165
1317 1 442 187 33 110
1318 0 477 158 45 177
1318 1 442 179 36 124
1319 0 476 158 45 171
1319 1 452 177 35 108
1320 0 486 169 42 165
1320 1 434 176 56 104
1321 0 445 181 55 126
1321 1 493 165 38 143
1322 0 444 166 52 157
1322 1 493 157 42 186
1323 0 447 164 47 140
1323 1 497 162 40 146
1324 0 444 175 44 139
1324 1 498 158 39 140
1325 0 445 174 45 139
1325 1 496 157 33 144
1326 0 450 179 50 140
1326 1 501 163 32 145
1327 0 450 170 46 135
1327 1 499 163 33 143
1328 0 443 176 46 139
1328 1 496 164 36 138
1329 0 442 176 51 132
1329 1 498 163 40 136
1330 0 448 175 48 125
1330 1 503 164 49 120
1331 0 450 171 51 134
1331 1 506 156 46 152
1332 0 459 169 47 138
1332 1 507 158 45 140
1333 0 505 155 57 178
1333 1 466 169 52 146
1334 0 456 169 53 145
1334 1 516 156 45 161
1335 0 458 172 53 142
1335 1 520 154 50 171
1336 0 532 152 44 165
1336 1 469 172 49 137
1337 0 471 168 53 149
1337 1 537 162 39 154
1338 0 542 140 46 180
1338 1 474 168 52 146
1339 0 542 141 51 201
1339 1 475 170 53 150
1340 0 554 143 49 188
1340 1 477 176 60 155
1341 0 480 177 56 145
1341 1 545 152 51 184
1342 0 555 156 55 170
1342 1 475 174 58 144
1343 0 547 158 78 190
1343 1 486 168 52 157
1344 0 547 161 68 193
1344 1 482 177 56 137
1345 0 548 154 67 193
1345 1 476 170 59 152
1346 0 550 164 71 181
1346 1 474 170 59 147
1347 0 537 163 71 181
1347 1 485 162 53 158
1348 0 535 163 73 179
1348 1 471 169 56 146
1349 0 534 165 72 173
1349 1 482 163 52 161
1350 0 541 159 66 181
1350 1 473 165 50 163
1351 0 528 164 108 184
1351 1 472 165 50 163
1352 0 546 151 70 201
1352 1 468 174 50 145
1353 0 553 141 64 203
1353 1 465 174 58 143
1354 0 558 144 73 212
1354 1 462 173 56 144
1355 0 556 147 79 205
1355 1 461 172 57 149
1356 0 460 170 57 157
1356 1 571 154 61 189
1357 0 569 147 72 197
1357 1 460 170 57 162
1358 0 567 137 78 201
1358 1 461 168 57 165
1359 0 568 153 85 197
1359 1 461 170 57 161
1360 0 568 131 93 228
1360 1 456 170 58 160
1361 0 562 152 109 195
1361 1 465 166 57 162
1362 0 560 143 111 212
1362 1 456 167 56 167
1363 0 562 139 121 227
1363 1 453 174 66 152
1364 0 563 140 133 231
1364 1 466 165 53 168
1365 0 565 151 126 196
1365 1 455 169 52 165
1366 0 575 130 117 250
1366 1 456 162 51 169
1367 0 580 141 120 250
1367 1 458 162 52 170
1368 0 599 134 116 240
1368 1 458 169 53 169
1369 0 458 168 53 171
1369 1 612 141 113 244
1370 0 610 126 122 259
1370 1 457 168 55 169
1371 0 456 165 57 172
1371 1 609 127 158 253
1372 0 610 118 156 270
1372 1 454 155 59 182
1373 0 607 120 175 257
1373 1 449 165 62 170
1374 0 615 109 163 280
1374 1 442 164 64 169
1375 0 612 123 167 274
1375 1 442 166 69 170
1376 0 611 118 169 284
1376 1 441 153 55 174
1377 0 620 100 159 312
1377 1 433 163 58 174
1378 0 619 101 152 293
1378 1 424 160 67 184
1379 0 624 100 142 309
1379 1 424 163 63 191
1380 0 416 162 65 193
1380 1 634 102 115 333
1381 0 627 106 103 344
1381 1 410 151 64 199
1382 0 625 99 109 332
1382 1 397 144 73 211
1383 0 611 104 110 337
1384 0 611 97 100 330
1384 1 384 148 59 194
1385 0 606 79 103 347
1385 1 367 141 76 203
1386 0 609 103 89 319
1386 1 363 130 71 229
1387 0 600 91 95 344
1387 1 344 145 80 197
1388 0 582 81 102 351
1389 0 585 82 110 346
1390 0 592 91 103 345
1391 0 591 90 89 341
1392 0 573 88 106 349
1393 0 575 96 87 315
1394 0 572 95 89 309
1395 0 549 99 116 300
1396 0 535 114 130 280
1397 0 541 113 110 278
1398 0 531 108 114 284
1399 0 520 119 112 286
1400 0 524 127 101 270
1401 0 511 111 117 291
1402 0 500 113 110 292
1403 0 506 128 101 279
1404 0 493 134 115 270
1405 0 494 136 95 242
1406 0 472 136 121 244
1407 0 476 138 113 237
1408 0 458 131 115 242
1409 0 464 147 86 228
1410 0 462 139 74 228
1411 0 447 156 95 209
1412 0 450 141 83 209
1413 0 464 140 73 229
1414 0 460 151 87 215
1415 0 464 151 74 207
1416 0 460 156 89 193
1417 0 463 147 82 203
1418 0 466 157 73 193
1419 0 469 160 68 188
1420 0 452 151 82 215
1421 0 448 150 74 198
1422 0 444 165 81 180
1423 0 435 147 84 190
1424 0 432 153 76 176
1425 0 422 148 69 182
1426 0 414 165 65 153
1427 0 414 166 65 166
1428 0 405 154 62 178
1429 0 408 158 60 178
1430 0 409 151 63 187
1431 0 399 173 63 141
1432 0 398 152 58 164
1433 0 394 157 52 173
1434 0 391 154 55 173
1435 0 391 159 50 157
1436 0 387 154 60 176
1437 0 379 154 55 165
1438 0 372 163 54 148
1439 0 363 169 47 131
1440 0 357 166 53 146
1441 0 350 161 48 145
1441 1 31 36 224 538
1442 0 64 34 193 531
1442 1 344 169 48 153
1443 0 98 19 170 543
1443 1 334 169 57 140
1444 0 110 50 164 487
1444 1 327 160 51 139
1445 0 119 61 158 470
1446 0 155 83 116 279
1447 0 183 79 93 260
1448 0 201 80 82 252
1449 0 197 83 104 296
1450 0 205 85 115 388
1455 0 284 112 78 295
1456 0 273 123 105 284
1457 0 279 125 93 303
1458 0 292 111 106 315
1459 0 298 126 128 300
1460 0 313 138 107 210
1461 0 321 120 103 216
1462 0 342 118 89 207
1469 0 403 129 89 257
1470 0 419 125 75 261
1471 0 426 124 82 250
1472 0 442 116 72 275
1473 0 449 119 80 262
1475 0 459 115 100 291
1476 0 472 124 100 280
1477 0 484 123 99 273
1478 0 484 132 105 256
1479 0 508 119 75 264
1480 0 513 130 80 212
1481 0 529 128 70 262
1482 0 524 128 85 267
1483 0 522 132 104 275
1484 0 543 128 89 270
1485 0 549 131 86 266
1486 0 548 132 90 262
1487 0 553 125 96 276
1488 0 568 128 94 267
1489 0 571 134 92 250
1490 0 578 132 87 250
1491 0 578 129 84 261
1492 0 584 122 76 272
1493 0 585 113 81 280
1494 0 576 125 84 282
1495 0 581 130 65 261
1496 0 561 126 103 265
1497 0 560 123 105 273
1498 0 563 122 93 252
1499 0 554 132 93 237
1500 0 554 121 92 259
1501 0 548 136 119 244
1502 0 550 127 103 249
1503 0 548 123 100 258
1504 0 552 129 122 278
1505 0 534 125 132 284
1506 0 549 122 92 266
1507 0 536 119 103 277
1508 0 550 124 86 241
1509 0 549 117 80 270
1510 0 546 121 76 244
1511 0 542 128 78 248
1512 0 543 114 66 253
1513 0 540 116 63 272
1514 0 537 124 55 278
1515 0 528 119 69 276
1516 0 539 121 64 219
1517 0 540 120 73 258
1518 0 538 115 79 268
1519 0 538 124 89 268
1520 0 535 112 96 291
1521 0 542 117 100 289
1522 0 541 99 98 312
1523 0 535 109 105 302
1524 0 526 114 138 293
1525 0 526 100 139 321
1526 0 530 125 112 296
1527 0 514 119 126 289
1528 0 498 123 132 273
1529 0 510 128 83 287
1530 0 501 132 100 275
1531 0 470 112 134 313
1532 0 469 125 109 283
1533 0 455 118 121 290
1534 0 444 111 125 309
1535 0 454 111 108 314
1536 0 434 118 122 311
1537 0 439 101 109 349
1538 0 437 102 120 338
1539 0 427 106 120 316
1540 0 420 101 114 305
1541 0 422 101 116 316
1542 0 415 76 105 352
1543 0 416 102 107 319
1544 0 420 118 105 309
1545 0 409 113 116 308
1546 0 411 108 120 301
1547 0 430 124 75 282
1548 0 445 131 76 260
1549 0 448 116 63 256
1550 0 452 125 68 236
1551 0 462 124 51 264
1552 0 452 124 76 269
1553 0 470 117 77 270
1554 0 453 134 91 243
1555 0 454 137 145 261
1556 0 469 124 100 254
1589 0 491 72 182 427
1591 0 515 94 163 358
1592 0 517 97 166 350
1593 0 519 116 157 308
1594 0 514 101 178 338
1595 0 509 112 178 327
1596 0 531 107 158 351
1597 0 520 118 153 308
1598 0 525 111 146 317
1599 0 532 113 142 333
1600 0 539 102 136 324
1601 0 536 117 142 278
1602 0 551 112 127 293
1603 0 564 111 102 278
1604 0 543 120 146 259
1605 0 544 125 146 258
1606 0 541 128 134 244
1607 0 549 130 124 247
1608 0 534 135 143 244
1609 0 547 139 124 228
1610 0 537 128 130 234
1611 0 552 143 100 218
1612 0 540 140 102 224
1613 0 546 152 81 189
1613 1 508 169 46 164
1614 0 535 146 82 203
1614 1 490 158 52 190
1615 0 521 162 88 169
1615 1 487 162 50 148
1616 0 530 144 71 203
1616 1 472 160 58 162
1617 0 526 154 62 182
1617 1 474 159 54 160
1618 0 458 166 60 160
1618 1 479 153 105 184
1619 0 457 163 58 164
1620 0 450 160 66 165
1621 0 439 159 75 184
1622 0 442 160 70 192
1623 0 433 147 68 203
1624 0 401 130 115 220
1625 0 403 137 121 225
1626 0 410 141 102 209
1627 0 402 136 87 230
1628 0 406 119 78 265
1628 1 477 164 43 167
1629 0 394 122 97 267
1630 0 400 117 96 276
1630 1 483 169 40 136
1631 0 379 93 123 348
1632 0 384 78 125 386
1633 0 386 82 123 412
1634 0 376 67 149 404
1635 0 384 66 144 424
1636 0 381 36 154 488
1637 0 359 17 188 557
1638 0 360 20 176 494
1639 0 359 9 182 506
1640 0 350 3 187 552
1641 0 345 0 200 574
1642 0 328 20 204 550
1643 0 317 52 224 501
1644 0 316 72 207 467
1645 0 307 82 209 455
1646 0 318 103 209 490
1647 0 311 102 193 462
1648 0 325 125 188 460
1649 0 329 133 185 464
1650 0 324 136 190 449
1651 0 325 151 189 431
1652 0 327 149 193 435
1653 0 328 153 183 424
1654 0 325 149 172 445
1655 0 324 154 187 415
1656 0 325 167 202 413
1657 0 318 156 217 430
1658 0 327 160 202 418
1659 0 309 155 244 432
1660 0 325 166 217 414
1661 0 323 176 220 406
1662 0 318 166 227 417
1663 0 325 166 243 430
1664 0 315 175 255 394
1665 0 319 164 225 423
1666 0 331 162 212 421
1667 0 331 162 215 432
1668 0 319 164 226 426
1669 0 325 150 213 445
1670 0 320 150 215 438
1671 0 320 157 221 441
1672 0 319 159 214 433
1673 0 314 161 219 433
1674 0 321 172 217 415
1675 0 316 171 217 421
1676 0 320 163 215 420
1677 0 325 158 213 437
1678 0 308 167 232 424
