36 0 8 129 98 238 14.816738
37 0 9 119 106 259 25.289907
38 0 34 126 89 217 29.638281
39 0 40 119 106 259 28.360861
40 0 40 129 106 259 24.105230
41 0 61 129 106 259 43.661880
42 0 65 138 98 238 34.805229
43 0 82 119 106 259 40.807285
44 0 92 119 106 259 28.382145
45 0 103 129 106 259 10.952257
46 0 123 129 98 238 20.851233
51 0 199 138 98 238 0.174671
52 0 208 135 89 217 24.462009
53 0 216 135 89 217 27.355146
54 0 225 135 89 217 7.002732
56 0 261 145 69 168 13.560088
61 0 303 143 89 217 9.953750
62 0 329 145 69 168 14.328821
64 0 349 145 69 168 20.015507
65 0 349 152 69 168 4.638371
66 0 351 140 82 200 19.513491
67 0 359 148 82 200 40.440723
68 0 375 148 82 200 36.044018
69 0 375 148 82 200 32.935215
70 0 390 152 63 155 40.246609
71 0 390 158 63 155 33.073441
72 0 391 148 82 200 37.479191
73 0 415 158 63 155 40.249718
74 0 421 158 63 155 29.576735
75 0 421 158 63 155 32.138092
76 0 433 158 63 155 40.493889
77 0 440 158 63 155 27.870962
78 0 446 158 63 155 42.020489
79 0 452 158 63 155 30.401516
80 0 458 158 63 155 29.980448
81 0 464 158 63 155 36.624641
82 0 471 158 63 155 49.143932
83 0 471 156 82 200 64.525635
84 0 483 158 69 168 69.744789
85 0 493 161 58 142 66.347595
86 0 495 158 63 155 68.614998
87 0 491 157 75 183 82.566521
88 0 491 157 75 183 96.076614
89 0 495 148 82 200 86.154556
90 0 498 157 75 183 90.340164
91 0 498 157 75 183 91.121727
92 0 491 157 75 183 78.134010
93 0 487 148 82 200 71.966240
94 0 487 148 82 200 61.934006
95 0 487 148 82 200 55.362587
96 0 479 156 82 200 77.563194
97 0 479 156 82 200 63.812988
98 0 471 156 82 200 60.639996
99 0 471 156 82 200 73.597450
100 0 477 158 63 155 72.045204
101 0 471 158 63 155 58.504967
102 0 471 158 63 155 56.469158
103 0 464 158 63 155 56.306156
104 0 455 156 82 200 53.123188
105 0 455 148 82 200 55.109562
106 0 456 158 69 168 51.242790
107 0 447 148 82 200 49.790764
108 0 447 148 82 200 36.328045
109 0 447 148 82 200 33.083660
110 0 434 143 89 217 33.743866
111 0 434 143 89 217 41.994141
112 0 439 150 75 183 30.369282
113 0 439 150 75 183 33.948059
114 0 434 143 89 217 51.309303
115 0 425 143 89 217 70.486786
116 0 425 143 89 217 75.221458
117 0 423 148 82 200 62.738396
118 0 416 143 89 217 59.689114
119 0 416 143 89 217 58.581512
120 0 408 143 89 217 71.604141
121 0 408 143 89 217 65.823318
122 0 399 143 89 217 60.774776
123 0 399 143 89 217 57.307739
124 0 391 148 82 200 49.373962
125 0 382 143 89 217 49.726818
126 0 382 143 89 217 48.237961
127 0 373 143 89 217 43.393700
128 0 373 143 89 217 32.895699
129 0 373 143 89 217 36.640457
130 0 364 143 89 217 48.196903
131 0 364 143 89 217 50.960682
132 0 364 143 89 217 40.656914
133 0 355 143 89 217 38.685001
134 0 355 135 89 217 44.591866
135 0 351 140 82 200 47.804611
136 0 351 140 82 200 43.297943
137 0 343 140 82 200 44.462128
138 0 338 135 89 217 43.641514
139 0 337 143 75 183 48.113602
140 0 323 138 98 238 41.027534
141 0 327 140 82 200 46.128338
142 0 319 140 82 200 49.633465
143 0 319 140 82 200 57.050396
144 0 311 140 82 200 51.048306
145 0 303 126 89 217 63.400349
146 0 290 129 106 259 48.094913
147 0 290 129 106 259 53.030102
148 0 280 119 116 282 55.265804
149 0 280 119 116 282 56.598976
150 0 280 119 116 282 62.353615
151 0 280 119 116 282 62.130131
152 0 280 119 116 282 56.189255
153 0 280 119 116 282 57.887634
154 0 280 119 116 282 58.441757
155 0 280 119 116 282 57.985428
156 0 280 119 116 282 60.706894
157 0 292 119 116 282 63.035896
158 0 292 119 116 282 65.319305
159 0 292 119 116 282 69.401314
160 0 292 119 116 282 72.756775
161 0 292 119 116 282 67.237633
162 0 292 119 116 282 78.347755
163 0 292 119 116 282 73.723495
164 0 292 119 116 282 70.827690
165 0 292 119 116 282 70.670547
166 0 292 119 116 282 66.389793
167 0 292 119 116 282 70.134865
168 0 61 182 63 155 3.024147
168 1 292 119 116 282 65.042961
169 0 280 119 116 282 69.331276
170 0 280 119 116 282 71.430237
171 0 280 119 116 282 66.662903
172 0 280 119 116 282 66.315186
173 0 280 119 116 282 61.728699
174 0 280 119 116 282 56.839703
175 0 286 126 89 217 64.940544
176 0 269 119 116 282 61.026482
177 0 269 119 116 282 63.276390
178 0 269 119 116 282 71.890053
179 0 269 119 116 282 76.666290
180 0 269 119 116 282 73.654251
181 0 269 119 116 282 73.187416
182 0 269 119 116 282 74.218468
183 0 269 119 116 282 65.442528
184 0 269 104 126 307 72.879906
185 0 269 119 116 282 70.191322
186 0 269 119 116 282 73.464386
187 0 280 119 116 282 81.606285
188 0 280 119 116 282 70.825523
189 0 292 119 116 282 69.788048
190 0 292 119 116 282 72.205765
191 0 292 119 116 282 69.338051
192 0 292 119 116 282 64.157448
193 0 292 119 116 282 64.325424
194 0 303 119 116 282 55.103432
195 0 294 104 126 307 44.195599
196 0 294 104 126 307 38.398247
197 0 314 119 116 282 45.636932
198 0 329 126 89 217 37.360161
199 0 415 140 82 200 34.761036
199 1 338 126 89 217 31.527039
200 0 415 140 82 200 27.366560
200 1 325 119 116 282 28.477795
201 0 423 140 82 200 38.758995
201 1 338 126 89 217 28.837753
202 0 431 148 82 200 34.053207
202 1 338 126 89 217 29.067932
203 0 342 119 98 238 18.644472
204 0 331 116 126 307 33.597557
205 0 471 148 82 200 7.807961
205 1 331 116 126 307 38.670429
206 0 508 241 45 109 22.472448
206 1 343 116 126 307 29.737513
207 0 495 148 82 200 38.970467
207 1 337 119 116 282 25.087349
208 0 378 133 63 155 24.545046
208 1 503 148 82 200 50.266293
209 0 378 133 63 155 18.100956
209 1 503 148 82 200 39.402035
210 0 378 133 63 155 29.481998
210 1 519 148 82 200 48.793667
211 0 384 133 63 155 38.228634
211 1 527 148 82 200 42.204338
212 0 535 148 82 200 50.308765
212 1 373 126 89 217 29.921934
213 0 551 148 82 200 46.388935
213 1 368 104 126 307 33.513275
214 0 380 119 98 238 42.306736
215 0 567 140 82 200 14.307932
215 1 390 126 89 217 38.823303
216 0 383 119 106 259 41.568684
217 0 583 148 82 200 18.333975
217 1 394 119 106 259 56.115379
218 0 584 172 69 168 4.538452
218 1 393 119 116 282 60.005848
219 0 404 129 106 259 68.335655
220 0 414 129 106 259 70.447769
221 0 638 150 75 183 14.072071
221 1 418 129 98 238 76.596718
222 0 652 143 75 183 45.426834
222 1 415 119 116 282 81.992577
223 0 660 135 89 217 48.565399
223 1 415 119 116 282 89.172211
224 0 668 135 89 217 51.165668
224 1 425 129 106 259 83.665855
225 0 679 148 82 200 48.283054
225 1 425 129 106 259 82.674637
226 0 687 148 82 200 46.487041
226 1 425 129 106 259 79.097809
227 0 695 148 82 200 55.175461
227 1 434 135 89 217 67.446083
228 0 703 148 82 200 42.309761
228 1 434 135 89 217 55.751534
229 0 439 140 82 200 47.145504
230 0 434 135 89 217 38.446274
231 0 434 135 89 217 31.540045
232 0 434 135 89 217 28.168102
233 0 439 140 82 200 30.463974
234 0 439 140 82 200 32.032585
235 0 431 148 82 200 30.887432
236 0 456 159 45 109 21.520632
237 0 452 155 49 119 34.591976
238 0 427 138 98 238 44.309353
239 0 427 138 98 238 51.460178
240 0 425 143 89 217 41.631218
241 0 425 143 89 217 44.965462
242 0 425 143 89 217 41.263191
243 0 423 148 82 200 27.456591
244 0 416 143 89 217 31.655640
245 0 415 148 82 200 33.196056
246 0 408 143 89 217 33.347572
247 0 415 152 63 155 33.794613
248 0 399 148 82 200 36.013351
249 0 391 148 82 200 40.441410
250 0 391 148 82 200 63.666100
251 0 383 148 82 200 51.758179
252 0 383 148 82 200 48.062256
253 0 383 148 82 200 34.625164
254 0 375 148 82 200 37.512028
255 0 373 150 75 183 29.148193
256 0 367 148 82 200 30.690165
257 0 364 143 89 217 31.131981
258 0 359 148 82 200 40.077381
259 0 359 148 82 200 52.463657
260 0 351 148 82 200 62.748844
261 0 351 148 82 200 49.505772
262 0 351 148 82 200 55.230358
263 0 343 148 82 200 52.713379
264 0 343 148 82 200 57.186501
265 0 343 148 82 200 60.683701
266 0 343 148 82 200 47.868549
267 0 343 148 82 200 60.444904
268 0 343 148 82 200 62.305935
269 0 343 148 82 200 66.110687
270 0 343 148 82 200 65.721802
271 0 343 148 82 200 66.352272
272 0 347 143 89 217 63.423168
273 0 347 143 89 217 63.909218
274 0 351 148 82 200 73.561363
275 0 351 148 82 200 79.616180
276 0 347 143 89 217 70.964462
277 0 355 143 89 217 70.744942
278 0 355 143 89 217 68.598244
279 0 355 143 89 217 68.534439
280 0 359 143 75 183 66.192497
281 0 359 143 75 183 65.909737
282 0 366 143 75 183 65.961777
283 0 366 143 75 183 58.895496
284 0 359 143 75 183 62.922710
285 0 359 140 82 200 62.675018
286 0 359 140 82 200 63.389606
287 0 359 140 82 200 69.697792
288 0 355 135 89 217 69.670128
289 0 359 140 82 200 67.569710
290 0 359 140 82 200 67.485100
291 0 359 140 82 200 72.863556
292 0 351 138 98 238 70.714172
293 0 359 140 82 200 64.923866
294 0 359 140 82 200 64.102867
295 0 367 140 82 200 72.716316
296 0 364 135 89 217 76.848000
297 0 364 135 89 217 69.509621
298 0 364 135 89 217 66.712471
299 0 364 135 89 217 68.232346
300 0 364 135 89 217 69.477562
301 0 364 135 89 217 63.907051
302 0 364 135 89 217 65.604752
303 0 367 140 82 200 64.134163
304 0 361 138 98 238 69.164330
305 0 364 135 89 217 69.253731
306 0 364 135 89 217 70.663399
307 0 364 135 89 217 64.867424
308 0 364 135 89 217 74.870094
309 0 367 140 82 200 67.055893
310 0 367 140 82 200 70.404358
311 0 367 140 82 200 77.821564
312 0 367 140 82 200 84.143929
313 0 367 140 82 200 80.946671
314 0 367 140 82 200 79.943428
315 0 364 135 89 217 78.361916
316 0 364 135 89 217 75.193993
317 0 367 140 82 200 68.425606
318 0 367 140 82 200 75.859558
319 0 367 132 82 200 71.723434
320 0 367 132 82 200 71.425766
320 1 685 129 98 238 2.146728
321 0 367 132 82 200 71.227951
321 1 685 129 98 238 1.104561
322 0 367 132 82 200 64.986656
322 1 674 129 106 259 9.586259
323 0 367 140 82 200 66.049622
324 0 367 140 82 200 71.457184
325 0 352 129 106 259 66.415001
326 0 352 129 106 259 66.056877
327 0 364 135 89 217 64.691452
328 0 364 135 89 217 72.137238
328 1 652 108 116 282 13.290740
329 0 367 140 82 200 76.753860
329 1 675 176 98 238 8.647960
330 0 688 257 63 155 3.594850
330 1 367 140 82 200 73.609558
331 0 611 233 69 168 15.962536
331 1 367 140 82 200 72.127136
332 0 47 252 82 200 4.267994
332 1 367 140 82 200 75.825607
333 0 50 274 75 183 10.892156
333 1 367 140 82 200 77.600021
334 0 367 140 82 200 75.224792
334 1 567 220 82 200 10.657325
335 0 367 140 82 200 77.740501
335 1 540 104 126 307 23.899977
336 0 367 140 82 200 75.733711
336 1 540 104 126 307 26.864422
337 0 367 140 82 200 78.736115
337 1 528 104 126 307 34.477139
338 0 364 135 89 217 74.694305
338 1 518 100 137 333 18.587337
339 0 367 140 82 200 74.733276
339 1 505 100 137 333 33.241261
340 0 367 140 82 200 73.236366
340 1 505 100 137 333 39.042377
341 0 367 140 82 200 77.807335
341 1 492 100 137 333 36.236870
342 0 367 140 82 200 73.723770
342 1 478 116 126 307 4.017541
343 0 367 140 82 200 74.361496
344 0 367 140 82 200 78.295830
344 1 435 95 149 365 6.849109
345 0 367 140 82 200 74.550804
345 1 122 202 126 307 23.967123
345 2 420 80 149 365 21.359577
346 0 364 135 89 217 72.463318
346 1 405 80 149 365 44.721119
347 0 373 143 75 183 59.235008
347 1 405 95 149 365 14.985738
348 0 362 129 106 259 51.279991
348 1 405 80 149 365 32.064339
349 0 373 143 75 183 43.670353
350 0 375 71 161 393 11.137379
351 0 343 92 126 307 11.919311
352 0 331 92 126 307 24.914854
354 0 315 99 75 183 8.527094
354 1 375 132 82 200 21.361929
355 0 282 79 182 443 42.863075
356 0 300 79 182 443 37.620770
357 0 265 87 137 333 5.545399
358 0 353 79 182 443 23.036213
359 0 375 140 82 200 42.031307
360 0 375 140 82 200 56.626980
361 0 375 140 82 200 62.894249
361 1 407 79 182 443 4.093790
362 0 373 143 75 183 60.818703
362 1 477 264 106 259 4.567639
363 0 367 140 82 200 74.841324
363 1 465 73 137 333 4.100485
364 0 364 135 89 217 74.488625
364 1 478 87 137 333 18.401033
365 0 364 135 89 217 76.220383
366 0 367 140 82 200 80.623817
366 1 500 87 161 393 19.707993
367 0 364 135 89 217 71.199089
367 1 539 96 116 282 9.034214
368 0 640 186 41 100 9.544241
368 1 364 135 89 217 69.148773
369 0 359 140 82 200 70.539200
369 1 565 104 126 307 23.690079
370 0 359 132 82 200 72.960503
371 0 352 129 106 259 66.966560
372 0 359 132 82 200 76.743881
372 1 594 87 161 393 11.706359
373 0 351 129 98 238 77.255447
374 0 351 129 98 238 78.882088
374 1 626 104 126 307 31.799313
375 0 351 129 98 238 70.175812
375 1 626 116 126 307 5.704625
376 0 355 135 89 217 59.967545
377 0 355 135 89 217 50.955330
378 0 364 135 89 217 37.965664
379 0 369 138 69 168 33.500633
380 0 378 139 63 155 18.531218
381 0 381 147 53 129 18.067774
382 0 385 150 49 119 13.010697
383 0 369 152 69 168 15.502363
384 0 369 152 69 168 24.546694
385 0 364 152 89 217 27.390076
386 0 364 143 89 217 43.507496
387 0 367 148 82 200 52.547176
388 0 367 148 82 200 55.631622
389 0 373 157 75 183 67.699356
390 0 373 157 75 183 77.109177
391 0 382 158 69 168 67.534058
392 0 381 157 75 183 58.694866
393 0 381 157 75 183 64.205162
394 0 389 158 69 168 67.524742
395 0 389 158 69 168 63.075726
396 0 396 158 69 168 54.712524
397 0 396 158 69 168 45.407909
398 0 396 165 69 168 23.653488
399 0 407 168 53 129 20.259470
400 0 408 173 58 142 19.557051
401 0 408 173 58 142 20.186281
402 0 417 172 45 109 31.580618
403 0 408 173 58 142 41.202431
404 0 414 174 49 119 58.850582
405 0 408 173 58 142 70.803383
405 1 671 156 82 200 7.169069
406 0 408 173 58 142 67.542717
406 1 674 157 75 183 21.693810
407 0 408 173 58 142 66.023720
408 0 409 174 49 119 69.764839
409 0 407 173 53 129 74.235977
410 0 402 173 58 142 75.343224
410 1 638 165 69 168 1.817994
411 0 402 173 58 142 68.563591
412 0 396 173 58 142 61.679008
412 1 626 170 63 155 10.426480
413 0 402 178 53 129 62.432648
413 1 619 170 63 155 32.951244
414 0 402 178 53 129 63.548717
414 1 619 170 63 155 28.561531
415 0 402 178 53 129 68.393364
415 1 607 164 63 155 28.038252
416 0 402 178 53 129 70.611465
416 1 607 170 63 155 17.550524
417 0 402 178 53 129 64.321915
417 1 601 170 63 155 23.050104
418 0 402 178 53 129 61.855251
418 1 595 173 58 142 36.395557
419 0 402 173 58 142 66.466896
419 1 584 173 58 142 40.777988
420 0 402 178 53 129 68.378273
420 1 578 173 58 142 31.518518
421 0 407 178 53 129 62.556007
421 1 570 170 63 155 34.662533
422 0 407 178 53 129 63.132774
422 1 572 173 53 129 43.640583
423 0 567 173 53 129 42.016369
423 1 402 173 58 142 70.361496
424 0 584 222 41 100 35.535801
424 1 566 174 49 119 31.712976
424 2 402 173 58 142 69.531204
425 0 580 222 41 100 54.473724
425 1 561 174 49 119 13.598790
425 2 402 173 58 142 64.077179
426 0 578 215 45 109 42.956985
426 1 552 173 53 129 25.081142
426 2 402 173 58 142 64.209160
427 0 413 176 45 109 67.978180
427 1 551 176 63 155 25.233027
428 0 407 173 53 129 67.157326
428 1 546 173 53 129 17.251320
429 0 407 173 53 129 76.493103
430 0 407 173 53 129 74.561638
430 1 527 173 58 142 56.951679
430 2 12 244 63 155 5.865087
431 0 407 173 53 129 66.424850
431 1 527 173 58 142 59.516769
432 0 407 173 53 129 71.949409
432 1 521 173 58 142 58.078171
433 0 407 173 53 129 76.705551
433 1 515 178 53 129 53.024666
434 0 413 176 45 109 75.795296
434 1 515 178 53 129 38.753544
435 0 407 173 53 129 69.454254
435 1 510 178 53 129 32.035530
436 0 407 173 53 129 72.293800
436 1 510 178 53 129 50.711525
437 0 407 178 53 129 74.801170
437 1 505 178 53 129 51.793629
438 0 409 174 49 119 72.255005
438 1 499 173 58 142 56.146561
439 0 413 176 45 109 63.653160
439 1 499 173 58 142 63.732399
440 0 407 173 53 129 62.720428
440 1 499 173 58 142 55.168079
441 0 407 173 53 129 71.051361
441 1 493 173 58 142 55.212139
442 0 495 178 53 129 52.250748
442 1 402 173 58 142 67.724113
443 0 402 173 58 142 66.738495
443 1 493 173 58 142 39.515850
444 0 402 173 58 142 65.692604
444 1 487 173 58 142 55.470596
445 0 402 173 58 142 63.686020
445 1 487 173 58 142 61.637665
446 0 402 173 58 142 70.737885
446 1 487 173 58 142 63.454731
447 0 490 179 49 119 50.166878
447 1 402 178 53 129 73.556053
448 0 402 178 53 129 68.408539
448 1 482 173 58 142 63.915802
449 0 402 178 53 129 68.050438
449 1 476 173 58 142 50.849644
450 0 402 178 53 129 78.037285
450 1 476 173 58 142 63.802185
451 0 402 178 53 129 69.328407
451 1 476 173 58 142 60.475716
452 0 396 173 58 142 69.945984
452 1 470 173 58 142 56.797314
453 0 397 173 53 129 73.727257
453 1 470 173 58 142 60.582123
454 0 397 178 53 129 75.768112
454 1 470 173 58 142 61.083755
455 0 391 173 58 142 64.483337
455 1 470 173 58 142 70.502205
456 0 391 173 58 142 64.804497
456 1 470 173 58 142 66.384171
457 0 391 173 58 142 61.046749
457 1 470 173 58 142 62.163338
458 0 391 173 58 142 55.852806
458 1 470 173 58 142 66.927605
459 0 391 173 58 142 51.975208
459 1 470 173 58 142 65.527733
460 0 395 174 49 119 52.007301
460 1 470 173 58 142 58.353649
461 0 399 174 49 119 53.543613
461 1 470 173 58 142 66.527260
462 0 470 173 58 142 60.067116
462 1 390 170 63 155 52.141079
463 0 470 173 58 142 61.507858
463 1 390 170 63 155 51.068508
464 0 470 173 58 142 59.896233
464 1 389 165 69 168 56.723671
465 0 391 167 58 142 64.354973
465 1 470 173 58 142 58.421833
466 0 470 173 58 142 56.278114
466 1 390 164 63 155 67.257271
467 0 470 173 58 142 53.526466
467 1 390 170 63 155 69.240288
468 0 470 173 58 142 62.469288
468 1 390 164 63 155 68.949677
468 2 1 148 96 238 6.109740
469 0 470 173 58 142 60.125103
469 1 382 165 69 168 72.087784
470 0 470 173 58 142 65.530746
470 1 382 165 69 168 77.675995
471 0 470 173 58 142 60.297771
471 1 382 165 69 168 64.825607
472 0 470 173 58 142 57.951836
472 1 373 157 75 183 67.741959
473 0 470 173 58 142 59.202065
473 1 373 157 75 183 75.039291
474 0 470 173 58 142 65.645058
474 1 373 157 75 183 73.163544
475 0 470 173 58 142 61.756897
475 1 134 199 69 168 14.661561
475 2 366 157 75 183 90.896675
476 0 470 173 58 142 60.270058
476 1 366 157 75 183 79.020103
477 0 465 173 58 142 60.671711
477 1 359 148 82 200 86.310623
478 0 465 173 58 142 54.308270
478 1 359 148 82 200 76.933075
479 0 464 170 63 155 59.073124
479 1 359 150 75 183 68.258858
480 0 464 170 63 155 61.872925
480 1 359 150 75 183 67.794495
481 0 470 173 58 142 50.872849
481 1 359 150 75 183 65.994011
482 0 470 173 58 142 52.588718
482 1 359 150 75 183 71.478607
483 0 470 173 58 142 42.078388
483 1 342 138 98 238 70.217522
484 0 470 173 58 142 42.841175
484 1 351 140 82 200 70.930695
485 0 470 173 58 142 51.362160
485 1 231 156 82 200 12.473803
485 2 342 138 98 238 74.113220
486 0 471 170 63 155 52.977024
486 1 342 138 98 238 72.848625
487 0 471 170 63 155 47.501122
487 1 331 129 106 259 65.731834
488 0 479 173 53 129 47.078213
488 1 331 129 106 259 74.047813
489 0 471 170 63 155 55.976395
489 1 321 129 106 259 64.255692
490 0 471 170 63 155 62.170567
490 1 321 129 106 259 71.017990
491 0 471 170 63 155 58.052589
491 1 321 129 106 259 63.933502
492 0 471 170 63 155 56.277641
492 1 310 129 106 259 54.213516
493 0 470 165 69 168 63.528339
493 1 303 119 116 282 44.201061
494 0 470 165 69 168 65.982193
494 1 292 119 116 282 33.034954
495 0 471 170 63 155 64.258209
495 1 280 119 116 282 30.137794
496 0 463 165 69 168 67.520058
496 1 269 116 126 307 39.572041
497 0 463 165 69 168 70.850861
497 1 275 119 98 238 33.549042
498 0 463 165 69 168 69.129814
498 1 269 109 106 259 36.444912
499 0 463 165 69 168 68.696648
499 1 258 98 106 259 20.445751
500 0 463 165 69 168 64.658966
500 1 238 100 137 333 35.172867
501 0 456 165 69 168 59.921978
501 1 232 92 126 307 36.765369
502 0 456 165 69 168 40.916283
502 1 225 87 137 333 51.165264
503 0 456 165 69 168 39.892136
503 1 220 92 126 307 33.825607
504 0 456 165 69 168 41.796124
504 1 212 73 137 333 38.542458
505 0 454 165 75 183 44.920708
505 1 187 66 149 365 34.929539
506 0 454 165 75 183 43.285042
506 1 171 55 161 393 34.114086
507 0 454 165 75 183 47.301682
507 1 158 66 149 365 29.451862
508 0 447 156 82 200 48.924435
508 1 139 55 161 393 19.784569
509 0 404 183 49 119 34.889442
509 1 447 156 82 200 50.845085
509 2 122 44 182 443 27.083029
510 0 414 188 49 119 24.275154
510 1 447 157 75 183 50.741482
510 2 109 47 191 467 32.079391
511 0 420 190 41 100 23.851259
511 1 447 157 75 183 51.509605
511 2 64 11 228 556 33.039883
512 0 439 156 82 200 55.934902
512 1 64 11 228 556 18.440603
513 0 439 156 82 200 49.924759
513 1 42 11 228 556 25.317991
514 0 431 156 82 200 51.916183
514 1 19 1 228 544 4.004220
515 0 431 156 82 200 54.961670
516 0 425 157 75 183 36.532318
517 0 423 148 82 200 11.664312
518 0 425 157 75 183 18.366096
519 0 415 156 82 200 15.989544
520 0 407 156 82 200 27.078302
521 0 403 157 75 183 27.128403
522 0 464 194 41 100 29.714270
522 1 395 157 75 183 12.471684
523 0 468 194 41 100 19.236490
524 0 468 194 41 100 25.933771
524 1 381 157 75 183 14.200516
525 0 472 194 41 100 12.757281
525 1 388 157 75 183 23.710131
526 0 381 157 75 183 18.873915
527 0 381 165 75 183 4.161586
528 0 373 157 75 183 8.580767
530 0 1 1 188 457 2.313883
531 0 269 104 126 307 26.528379
531 1 1 1 188 457 3.132787
532 0 359 157 75 183 1.752507
532 1 269 104 126 307 23.822952
533 0 269 104 126 307 25.195297
534 0 282 104 126 307 30.155148
535 0 282 104 126 307 31.816784
535 1 1 1 188 457 3.852915
536 0 282 104 126 307 33.713448
537 0 294 104 126 307 27.639547
538 0 294 104 126 307 17.765940
539 0 306 104 126 307 17.110703
540 0 306 104 126 307 13.438649
541 0 318 104 126 307 31.758940
541 1 1 1 188 457 3.619090
542 0 305 73 137 333 41.451118
543 0 305 73 137 333 39.352295
543 1 1 1 188 457 3.101002
544 0 331 104 126 307 31.054190
544 1 1 1 188 457 3.462715
545 0 305 73 137 333 37.457458
546 0 355 104 126 307 29.632664
546 1 305 60 137 333 2.290686
546 2 1 1 188 457 3.012717
548 0 271 148 82 200 3.853002
548 1 368 104 126 307 36.095852
549 0 268 143 89 217 16.036972
549 1 368 104 126 307 28.525124
550 0 271 148 82 200 9.819134
550 1 368 104 126 307 24.283619
551 0 260 143 89 217 17.621843
551 1 368 104 126 307 22.216848
552 0 256 138 98 238 27.485386
552 1 392 92 126 307 10.288168
553 0 256 138 98 238 29.511719
553 1 392 104 126 307 36.199528
554 0 256 138 98 238 23.688013
554 1 392 104 126 307 42.119373
555 0 260 143 89 217 24.812597
555 1 405 104 126 307 44.577888
556 0 260 143 89 217 21.815201
556 1 417 104 126 307 46.573151
557 0 251 143 89 217 21.304539
557 1 417 104 126 307 41.626957
558 0 246 138 98 238 18.823811
558 1 417 104 126 307 31.091722
559 0 227 129 106 259 1.276603
559 1 417 104 126 307 20.645220
560 0 429 104 126 307 15.256093
562 0 449 108 116 282 18.190722
563 0 217 129 106 259 22.047655
564 0 217 129 106 259 28.049898
565 0 217 129 106 259 40.914898
565 1 472 108 116 282 3.422771
566 0 213 119 116 282 35.299213
567 0 213 119 116 282 36.290253
567 1 478 104 126 307 4.647264
568 0 465 189 45 109 12.280405
568 1 217 129 106 259 37.953590
568 2 491 104 126 307 21.255209
569 0 213 119 116 282 28.863121
569 1 491 92 126 307 19.058289
570 0 464 190 41 100 10.972477
570 1 213 119 116 282 27.625034
570 2 505 100 137 333 15.294568
571 0 460 189 45 109 13.879465
571 1 224 119 116 282 29.752436
572 0 224 119 116 282 28.766212
572 1 516 71 161 393 4.080118
573 0 456 189 45 109 12.261632
573 1 224 119 116 282 24.807144
573 2 531 71 161 393 5.574043
574 0 456 186 41 100 15.987907
575 0 452 202 45 109 25.148417
575 1 547 71 161 393 7.543231
576 0 443 189 53 129 23.283037
576 1 563 71 161 393 5.531145
577 0 438 189 53 129 34.160679
578 0 427 182 63 155 7.674027
579 0 423 183 49 119 10.286695
580 0 413 184 58 142 23.218760
580 1 1 11 224 556 7.325087
581 0 402 176 63 155 14.856379
581 1 174 260 69 168 4.444823
582 0 396 170 63 155 24.564596
582 1 1 1 224 544 6.959781
583 0 396 176 63 155 41.850018
583 1 1 1 224 544 7.863066
584 0 382 172 69 168 24.693825
584 1 147 117 89 217 10.540861
584 2 1 1 188 457 7.009797
585 0 373 157 75 183 19.746510
585 1 138 109 89 217 14.582626
585 2 1 1 188 457 4.622749
586 0 121 109 89 217 17.952951
587 0 1 1 224 544 3.743431
588 0 29 8 161 393 4.039807
589 0 343 140 82 200 6.379431
594 0 168 51 116 282 6.071636
595 0 59 10 211 515 5.547438
596 0 256 165 75 183 6.087751
596 1 108 39 161 393 7.459903
597 0 155 39 161 393 17.877771
598 0 195 43 126 307 37.200191
599 0 206 57 106 259 9.684546
600 0 256 86 41 100 1.143449
604 0 139 150 75 183 13.146125
605 0 124 157 75 183 12.284675
606 0 109 157 75 183 10.979589
607 0 292 100 137 333 25.233240
608 0 289 80 149 365 32.484310
609 0 305 100 137 333 29.918573
610 0 42 143 89 217 6.551291
610 1 318 104 126 307 24.188065
611 0 21 157 75 183 10.845605
611 1 331 104 126 307 40.584541
612 0 13 172 69 168 9.958725
612 1 331 104 126 307 35.815464
613 0 331 104 126 307 37.883877
614 0 343 104 126 307 56.156311
615 0 348 108 116 282 71.955643
616 0 343 104 126 307 67.085312
617 0 361 119 98 238 70.403221
618 0 361 119 98 238 74.337090
619 0 361 119 98 238 74.532448
620 0 361 119 98 238 80.449944
621 0 361 119 98 238 75.947792
622 0 359 108 116 282 74.191971
623 0 359 108 116 282 73.755600
624 0 343 104 126 307 75.689873
625 0 345 100 137 333 79.857407
626 0 345 100 137 333 85.632683
627 0 358 100 137 333 74.642143
628 0 358 100 137 333 70.141747
