0 0 0 132 33 252 1 0 
0 1 0 103 33 318 1 0 
0 2 0 89 43 290 1 0 
0 3 0 125 77 251 1 0 
1 0 0 132 33 252 1 0 
1 1 0 103 33 318 1 0 
1 2 0 89 43 290 1 0 
1 3 0 124 75 251 1 0 
2 0 0 132 33 252 1 0 
2 1 0 103 33 318 1 0 
2 2 0 89 43 290 1 0 
2 3 0 124 73 251 1 0 
3 0 0 132 33 252 1 0 
3 1 0 103 33 318 1 0 
3 2 0 89 43 290 1 0 
3 3 0 124 71 251 1 0 
4 0 0 132 33 252 1 0 
4 1 0 103 33 318 1 0 
4 2 0 89 43 290 1 0 
4 3 0 124 70 251 1 0 
5 0 0 132 33 252 1 0 
5 1 0 103 33 318 1 0 
5 2 0 89 43 290 1 0 
5 3 0 124 68 251 1 0 
6 0 0 132 33 252 1 0 
6 1 0 103 33 318 1 0 
6 2 0 89 43 290 1 0 
6 3 0 124 66 251 1 0 
7 0 0 132 33 252 1 0 
7 1 0 103 33 318 1 0 
7 2 0 89 43 290 1 0 
7 3 0 124 65 251 1 0 
8 0 0 132 33 252 1 0 
8 1 0 103 33 318 1 0 
8 2 0 89 43 290 1 0 
8 3 0 124 63 251 1 0 
9 0 0 132 33 252 1 0 
9 1 0 103 33 318 1 0 
9 2 0 90 43 289 1 0 
9 3 0 124 61 251 1 0 
10 0 0 132 33 252 1 0 
10 1 0 103 33 318 1 0 
10 2 0 90 43 289 1 0 
10 3 0 124 60 251 1 0 
11 0 0 132 33 252 1 0 
11 1 0 103 33 318 1 0 
11 2 0 90 43 289 1 0 
11 3 0 124 58 251 1 0 
12 0 0 132 33 252 1 0 
12 1 0 103 33 318 1 0 
12 2 0 90 43 289 1 0 
12 3 0 124 56 251 1 0 
13 0 0 132 33 252 1 0 
13 1 0 103 33 318 1 0 
13 2 0 90 43 289 1 0 
13 3 0 124 54 251 1 0 
14 0 0 132 33 252 1 0 
14 1 0 103 33 318 1 0 
14 2 0 90 43 289 1 0 
14 3 0 124 53 251 1 0 
15 0 0 132 33 252 1 0 
15 1 0 103 33 318 1 0 
15 2 0 90 43 289 1 0 
15 3 0 124 51 251 1 0 
16 0 0 132 33 252 1 0 
16 1 0 103 33 318 1 0 
16 2 0 90 43 289 1 0 
16 3 0 123 49 251 1 0 
17 0 0 132 33 252 1 0 
17 1 0 103 33 318 1 0 
17 2 0 91 43 288 1 0 
17 3 0 123 48 251 1 0 
18 0 0 132 33 252 1 0 
18 1 0 103 33 318 1 0 
18 2 0 91 43 288 1 0 
18 3 0 123 46 251 1 0 
19 0 0 132 33 252 1 0 
19 1 0 103 33 318 1 0 
19 2 0 91 43 288 1 0 
19 3 0 123 44 251 1 0 
20 0 0 132 33 252 1 0 
20 1 0 103 33 318 1 0 
20 2 0 91 43 288 1 0 
20 3 0 123 43 251 1 0 
21 0 0 132 33 252 1 0 
21 1 0 103 33 318 1 0 
21 2 0 91 43 288 1 0 
21 3 0 123 41 251 1 0 
22 0 0 132 33 252 1 0 
22 1 0 103 33 318 1 0 
22 2 0 91 43 288 1 0 
22 3 0 123 39 251 1 0 
23 0 0 132 33 252 1 0 
23 1 0 103 33 318 1 0 
23 2 0 91 43 288 1 0 
23 3 0 123 37 251 1 0 
24 0 0 132 33 252 1 0 
24 1 0 103 33 318 1 0 
24 2 0 91 43 288 1 0 
24 3 0 123 36 251 1 0 
25 0 0 132 33 252 1 0 
25 1 0 103 33 318 1 0 
25 2 0 92 43 287 1 0 
25 3 0 123 34 251 1 0 
26 0 0 132 33 252 1 0 
26 1 0 103 33 318 1 0 
26 2 0 92 43 287 1 0 
26 3 0 123 32 251 1 0 
27 0 0 132 33 252 1 0 
27 1 0 103 33 318 1 0 
27 2 0 92 43 287 1 0 
27 3 0 123 31 251 1 0 
28 0 0 132 33 252 1 0 
28 1 0 103 33 318 1 0 
28 2 0 92 43 287 1 0 
28 3 0 123 29 251 1 0 
29 0 0 132 33 252 1 0 
29 1 0 103 33 318 1 0 
29 2 0 92 43 287 1 0 
29 3 0 123 27 251 1 0 
30 0 0 132 33 252 1 0 
30 1 0 103 33 318 1 0 
30 2 0 92 43 287 1 0 
30 3 0 123 26 251 0 1 
31 0 0 132 33 252 1 0 
31 1 0 103 33 318 1 0 
31 2 0 92 43 287 1 0 
31 3 0 126 47 251 0 1 
32 0 0 132 33 252 1 0 
32 1 0 103 33 318 1 0 
32 2 0 92 43 287 1 0 
32 3 0 125 75 251 0 1 
33 0 0 132 33 252 1 0 
33 1 0 103 33 318 1 0 
33 2 0 93 43 286 1 0 
33 3 0 125 88 251 0 1 
34 0 0 132 33 252 1 0 
34 1 0 103 33 318 1 0 
34 2 0 93 43 286 1 0 
34 3 0 126 99 251 0 1 
35 0 0 132 33 252 1 0 
35 1 0 103 33 318 1 0 
35 2 0 93 43 286 1 0 
35 3 0 124 106 258 0 1 
36 0 0 132 33 252 1 0 
36 1 0 103 33 318 1 0 
36 2 0 93 43 286 1 0 
36 3 0 122 120 258 0 1 
37 0 0 132 33 252 1 0 
37 1 0 103 33 318 1 0 
37 2 0 93 43 286 1 0 
37 3 0 123 120 258 0 0 
38 0 0 132 33 252 1 0 
38 1 0 103 33 318 1 0 
38 2 0 93 43 286 1 0 
38 3 8 126 120 253 0 0 
39 0 0 132 33 252 1 0 
39 1 0 103 33 318 1 0 
39 2 0 93 43 286 1 0 
39 3 18 127 120 253 0 0 
40 0 0 132 33 252 1 0 
40 1 0 103 33 318 1 0 
40 2 0 93 43 286 1 0 
40 3 28 129 120 253 0 0 
41 0 0 132 33 252 1 0 
41 1 0 103 33 318 1 0 
41 2 0 94 43 285 1 0 
41 3 38 131 120 253 0 0 
42 0 0 132 33 252 1 0 
42 1 0 103 33 318 1 0 
42 2 0 94 43 285 1 0 
42 3 52 131 116 253 0 0 
43 0 0 132 33 252 1 0 
43 1 0 103 33 318 1 0 
43 2 0 94 43 285 1 0 
43 3 67 131 112 254 0 0 
44 0 0 132 33 252 1 0 
44 1 0 103 33 318 1 0 
44 2 0 94 43 285 1 0 
44 3 81 131 108 255 0 0 
45 0 0 132 33 252 1 0 
45 1 0 103 33 318 1 0 
45 2 0 94 43 285 1 0 
45 3 96 131 104 256 0 0 
46 0 0 132 33 252 1 0 
46 1 0 103 33 318 1 0 
46 2 0 94 43 285 1 0 
46 3 122 133 95 252 0 0 
47 0 0 132 33 252 1 0 
47 1 0 103 33 318 1 0 
47 2 0 94 43 285 1 0 
47 3 135 134 94 248 0 0 
48 0 0 132 33 252 1 0 
48 1 0 103 33 318 1 0 
48 2 0 94 43 285 1 0 
48 3 148 136 94 243 0 0 
49 0 0 132 33 252 1 0 
49 1 0 103 33 318 1 0 
49 2 0 95 43 284 1 0 
49 3 161 137 93 240 0 0 
50 0 0 132 33 252 1 0 
50 1 0 103 33 318 1 0 
50 2 0 95 43 284 1 0 
50 3 174 139 93 235 0 0 
51 0 0 132 33 252 1 0 
51 1 0 103 33 318 1 0 
51 2 0 95 43 284 1 0 
51 3 187 141 93 231 0 0 
52 0 0 132 33 252 1 0 
52 1 0 103 33 318 1 0 
52 2 0 95 43 284 1 0 
52 3 197 141 93 231 0 0 
53 0 0 132 33 252 1 0 
53 1 0 103 33 318 1 0 
53 2 0 95 43 284 1 0 
53 3 208 142 93 230 0 0 
54 0 0 132 33 252 1 0 
54 1 0 103 33 318 1 0 
54 2 0 95 43 284 1 0 
54 3 219 143 93 229 0 0 
55 0 0 132 33 252 1 0 
55 1 0 103 33 318 1 0 
55 2 0 95 43 284 1 0 
55 3 230 143 91 228 0 0 
56 0 0 132 33 252 1 0 
56 1 0 103 33 318 1 0 
56 2 0 95 43 284 1 0 
56 3 241 143 89 227 0 0 
57 0 0 132 33 252 1 0 
57 1 0 103 33 318 1 0 
57 2 0 96 43 283 1 0 
57 3 252 143 87 226 0 0 
58 0 0 132 33 252 1 0 
58 1 0 103 33 318 1 0 
58 2 0 96 43 283 1 0 
58 3 263 143 85 226 0 0 
59 0 0 132 33 252 1 0 
59 1 0 103 33 318 1 0 
59 2 0 96 43 283 1 0 
59 3 274 143 83 225 0 0 
60 0 0 132 33 252 1 0 
60 1 0 103 33 318 1 0 
60 2 0 96 43 283 1 0 
60 3 285 143 81 224 0 0 
61 0 0 132 33 252 1 0 
61 1 0 103 33 318 1 0 
61 2 0 96 43 283 1 0 
61 3 296 143 80 224 0 0 
62 0 0 132 33 252 1 0 
62 1 0 103 33 318 1 0 
62 2 0 96 43 283 1 0 
62 3 307 144 80 223 0 0 
63 0 0 132 33 252 1 0 
63 1 0 103 33 318 1 0 
63 2 0 96 43 283 1 0 
63 3 318 146 80 221 0 0 
64 0 0 132 33 252 1 0 
64 1 0 103 33 318 1 0 
64 2 0 96 43 283 1 0 
64 3 329 148 80 219 0 0 
65 0 0 132 33 252 1 0 
65 1 0 103 33 318 1 0 
65 2 0 97 43 282 1 0 
65 3 340 150 80 217 0 0 
66 0 0 132 33 252 1 0 
66 1 0 103 33 318 1 0 
66 2 0 97 43 282 1 0 
66 3 348 150 80 215 0 0 
67 0 0 132 33 252 1 0 
67 1 0 103 33 318 1 0 
67 2 0 97 43 282 1 0 
67 3 356 150 80 213 0 0 
68 0 0 132 33 252 1 0 
68 1 0 103 33 318 1 0 
68 2 0 97 43 282 1 0 
68 3 364 150 80 211 0 0 
69 0 0 132 33 252 1 0 
69 1 0 103 33 318 1 0 
69 2 0 97 43 282 1 0 
69 3 372 150 80 209 0 0 
70 0 0 132 33 252 1 0 
70 1 0 103 33 318 1 0 
70 2 0 97 43 282 1 0 
70 3 380 150 80 208 0 0 
71 0 0 132 33 252 1 0 
71 1 0 103 33 318 1 0 
71 2 0 97 43 282 1 0 
71 3 388 150 80 206 0 0 
72 0 0 132 33 252 1 0 
72 1 0 103 33 318 1 0 
72 2 0 97 43 282 1 0 
72 3 396 150 80 204 0 0 
73 0 0 132 33 252 1 0 
73 1 0 103 33 318 1 0 
73 2 0 98 43 281 1 0 
73 3 404 150 80 202 0 0 
74 0 0 132 33 252 1 0 
74 1 0 103 33 318 1 0 
74 2 0 98 43 281 1 0 
74 3 412 151 80 200 0 0 
75 0 0 132 33 252 1 0 
75 1 0 103 33 318 1 0 
75 2 0 98 43 281 1 0 
75 3 418 151 80 200 0 0 
76 0 0 132 33 252 1 0 
76 1 0 103 33 318 1 0 
76 2 0 98 43 281 1 0 
76 3 424 151 80 200 0 0 
77 0 0 132 33 252 1 0 
77 1 0 103 33 318 1 0 
77 2 0 98 43 281 1 0 
77 3 430 151 80 200 0 0 
78 0 0 132 33 252 1 0 
78 1 0 103 33 318 1 0 
78 2 0 98 43 281 1 0 
78 3 436 152 80 200 0 0 
79 0 0 132 33 252 1 0 
79 1 0 103 33 318 1 0 
79 2 0 98 43 281 1 0 
79 3 442 152 80 200 0 0 
80 0 0 132 33 252 1 0 
80 1 0 103 33 318 1 0 
80 2 0 98 43 281 1 0 
80 3 448 152 80 200 0 0 
81 0 0 132 33 252 1 0 
81 1 0 103 33 318 1 0 
81 2 0 99 43 280 1 0 
81 3 454 152 80 200 0 0 
82 0 0 132 33 252 1 0 
82 1 0 103 33 318 1 0 
82 2 0 99 43 280 1 0 
82 3 460 153 80 200 0 0 
83 0 0 132 33 252 1 0 
83 1 0 103 33 318 1 0 
83 2 0 99 43 280 1 0 
83 3 466 153 80 200 0 0 
84 0 0 132 33 252 1 0 
84 1 0 103 33 318 1 0 
84 2 0 99 43 280 1 0 
84 3 472 153 80 200 0 0 
85 0 0 132 33 252 1 0 
85 1 0 103 33 318 1 0 
85 2 0 99 43 280 1 0 
85 3 479 154 80 200 0 0 
86 0 0 132 33 252 1 0 
86 1 0 103 33 318 1 0 
86 2 0 99 43 280 1 0 
86 3 482 153 80 200 0 0 
87 0 0 132 33 252 1 0 
87 1 0 103 33 318 1 0 
87 2 0 99 43 280 1 0 
87 3 486 153 80 200 0 0 
88 0 0 132 33 252 1 0 
88 1 0 103 33 318 1 0 
88 2 0 99 43 280 1 0 
88 3 490 152 80 200 0 0 
89 0 0 132 33 252 1 0 
89 1 0 103 33 318 1 0 
89 2 0 99 43 280 1 0 
89 3 494 152 80 200 0 0 
90 0 0 132 33 252 1 0 
90 1 0 103 33 318 1 0 
90 2 0 100 43 279 1 0 
90 3 492 152 80 200 0 0 
91 0 0 132 33 252 1 0 
91 1 0 103 33 318 1 0 
91 2 0 100 43 279 1 0 
91 3 490 152 80 200 0 0 
92 0 0 132 33 252 1 0 
92 1 0 103 33 318 1 0 
92 2 0 100 43 279 1 0 
92 3 488 152 80 200 0 0 
93 0 0 132 33 252 1 0 
93 1 0 103 33 318 1 0 
93 2 0 100 43 279 1 0 
93 3 486 153 80 200 0 0 
94 0 0 132 33 252 1 0 
94 1 0 103 33 318 1 0 
94 2 0 100 43 279 1 0 
94 3 484 153 80 200 0 0 
95 0 0 132 33 252 1 0 
95 1 0 103 33 318 1 0 
95 2 0 100 43 279 1 0 
95 3 482 153 80 200 0 0 
96 0 0 132 33 252 1 0 
96 1 0 103 33 318 1 0 
96 2 0 100 43 279 1 0 
96 3 480 154 80 200 0 0 
97 0 0 132 33 252 1 0 
97 1 0 103 33 318 1 0 
97 2 0 100 43 279 1 0 
97 3 476 154 80 202 0 0 
98 0 0 132 33 252 1 0 
98 1 0 103 33 318 1 0 
98 2 0 101 43 278 1 0 
98 3 472 154 80 204 0 0 
99 0 0 132 33 252 1 0 
99 1 0 103 33 318 1 0 
99 2 0 101 43 278 1 0 
99 3 469 154 80 206 0 0 
100 0 0 132 33 252 1 0 
100 1 0 103 33 318 1 0 
100 2 0 101 43 278 1 0 
100 3 465 154 80 208 0 0 
101 0 0 132 33 252 1 0 
101 1 0 103 33 318 1 0 
101 2 0 101 43 278 1 0 
101 3 462 154 80 210 0 0 
102 0 0 132 33 252 1 0 
102 1 0 103 33 318 1 0 
102 2 0 101 43 278 1 0 
102 3 458 154 80 212 0 0 
103 0 0 132 33 252 1 0 
103 1 0 103 33 318 1 0 
103 2 0 101 43 278 1 0 
103 3 455 155 80 214 0 0 
104 0 0 132 33 252 1 0 
104 1 0 103 33 318 1 0 
104 2 0 101 43 278 1 0 
104 3 453 153 79 216 0 0 
105 0 0 132 33 252 1 0 
105 1 0 103 33 318 1 0 
105 2 0 101 43 278 1 0 
105 3 451 152 78 217 0 0 
106 0 0 132 33 252 1 0 
106 1 0 103 33 318 1 0 
106 2 0 102 43 277 1 0 
106 3 450 151 76 219 0 0 
107 0 0 132 33 252 1 0 
107 1 0 103 33 318 1 0 
107 2 0 102 43 277 1 0 
107 3 448 150 76 220 0 0 
108 0 0 132 33 252 1 0 
108 1 0 103 33 318 1 0 
108 2 0 102 43 277 1 0 
108 3 447 149 74 222 0 0 
109 0 0 132 33 252 1 0 
109 1 0 103 33 318 1 0 
109 2 0 102 43 277 1 0 
109 3 445 147 73 224 0 0 
110 0 0 132 33 252 1 0 
110 1 0 103 33 318 1 0 
110 2 0 102 43 277 1 0 
110 3 443 146 73 225 0 0 
111 0 0 132 33 252 1 0 
111 1 0 103 33 318 1 0 
111 2 0 102 43 277 1 0 
111 3 442 145 71 227 0 0 
112 0 0 132 33 252 1 0 
112 1 0 103 33 318 1 0 
112 2 0 102 43 277 1 0 
112 3 440 144 70 228 0 0 
113 0 0 132 33 252 1 0 
113 1 0 103 33 318 1 0 
113 2 0 102 43 277 1 0 
113 3 439 143 69 230 0 0 
114 0 0 132 33 252 1 0 
114 1 0 103 33 318 1 0 
114 2 0 103 43 276 1 0 
114 3 433 143 73 230 0 0 
115 0 0 132 33 252 1 0 
115 1 0 103 33 318 1 0 
115 2 0 103 43 276 1 0 
115 3 428 143 76 230 0 0 
116 0 0 132 33 252 1 0 
116 1 0 103 33 318 1 0 
116 2 0 103 43 276 1 0 
116 3 423 143 79 230 0 0 
117 0 0 132 33 252 1 0 
117 1 0 103 33 318 1 0 
117 2 0 103 43 276 1 0 
117 3 417 143 83 230 0 0 
118 0 0 132 33 252 1 0 
118 1 0 103 33 318 1 0 
118 2 0 103 43 276 1 0 
118 3 412 143 86 230 0 0 
119 0 0 132 33 252 1 0 
119 1 0 103 33 318 1 0 
119 2 0 103 43 276 1 0 
119 3 407 143 89 230 0 0 
120 0 0 132 33 252 1 0 
120 1 0 103 33 318 1 0 
120 2 0 103 43 276 1 0 
120 3 401 143 93 230 0 0 
121 0 0 132 33 252 1 0 
121 1 0 103 33 318 1 0 
121 2 0 103 43 276 1 0 
121 3 396 143 96 230 0 0 
122 0 0 132 33 252 1 0 
122 1 0 103 33 318 1 0 
122 2 0 104 43 275 1 0 
122 3 391 143 100 230 0 0 
123 0 0 132 33 252 1 0 
123 1 0 103 33 318 1 0 
123 2 0 104 43 275 1 0 
123 3 387 142 98 232 0 0 
124 0 0 132 33 252 1 0 
124 1 0 103 33 318 1 0 
124 2 0 104 43 275 1 0 
124 3 384 142 95 234 0 0 
125 0 0 132 33 252 1 0 
125 1 0 103 33 318 1 0 
125 2 0 104 43 275 1 0 
125 3 380 141 93 237 0 0 
126 0 0 132 33 252 1 0 
126 1 0 103 33 318 1 0 
126 2 0 104 43 275 1 0 
126 3 377 141 90 239 0 0 
127 0 0 132 33 252 1 0 
127 1 0 103 33 318 1 0 
127 2 0 104 43 275 1 0 
127 3 373 141 88 241 0 0 
128 0 0 132 33 252 1 0 
128 1 0 103 33 318 1 0 
128 2 0 104 43 275 1 0 
128 3 370 140 85 244 0 0 
129 0 0 132 33 252 1 0 
129 1 0 103 33 318 1 0 
129 2 0 104 43 275 1 0 
129 3 366 140 83 246 0 0 
130 0 0 132 33 252 1 0 
130 1 0 103 33 318 1 0 
130 2 0 105 43 274 1 0 
130 3 363 140 81 248 0 0 
131 0 0 132 33 252 1 0 
131 1 0 103 33 318 1 0 
131 2 0 105 43 274 1 0 
131 3 358 139 82 251 0 0 
132 0 0 132 33 252 1 0 
132 1 0 103 33 318 1 0 
132 2 0 105 43 274 1 0 
132 3 353 138 83 254 0 0 
133 0 0 132 33 252 1 0 
133 1 0 103 33 318 1 0 
133 2 0 105 43 274 1 0 
133 3 348 137 85 257 0 0 
134 0 0 132 33 252 1 0 
134 1 0 103 33 318 1 0 
134 2 0 105 43 274 1 0 
134 3 344 136 85 260 0 0 
135 0 0 132 33 252 1 0 
135 1 0 103 33 318 1 0 
135 2 0 105 43 274 1 0 
135 3 339 135 86 263 0 0 
136 0 0 132 33 252 1 0 
136 1 0 103 33 318 1 0 
136 2 0 105 43 274 1 0 
136 3 334 134 88 266 0 0 
137 0 0 132 33 252 1 0 
137 1 0 103 33 318 1 0 
137 2 0 105 43 274 1 0 
137 3 329 133 89 269 0 0 
138 0 0 132 33 252 1 0 
138 1 0 103 33 318 1 0 
138 2 0 106 43 273 1 0 
138 3 325 132 89 272 0 0 
139 0 0 132 33 252 1 0 
139 1 0 103 33 318 1 0 
139 2 0 106 43 273 1 0 
139 3 320 131 91 275 0 0 
140 0 0 132 33 252 1 0 
140 1 0 103 33 318 1 0 
140 2 0 106 43 273 1 0 
140 3 315 130 92 278 0 0 
141 0 0 132 33 252 1 0 
141 1 0 103 33 318 1 0 
141 2 0 106 43 273 1 0 
141 3 310 129 93 281 0 0 
142 0 0 132 33 252 1 0 
142 1 0 103 33 318 1 0 
142 2 0 106 43 273 1 0 
142 3 306 128 94 285 0 0 
143 0 0 132 33 252 1 0 
143 1 0 103 33 318 1 0 
143 2 0 106 43 273 1 0 
143 3 304 126 94 287 0 0 
144 0 0 132 33 252 1 0 
144 1 0 103 33 318 1 0 
144 2 0 106 43 273 1 0 
144 3 303 125 94 289 0 0 
145 0 0 132 33 252 1 0 
145 1 0 103 33 318 1 0 
145 2 0 106 43 273 1 0 
145 3 301 124 95 290 0 0 
146 0 0 132 33 252 1 0 
146 1 0 103 33 318 1 0 
146 2 0 107 43 272 1 0 
146 3 300 123 94 292 0 0 
147 0 0 132 33 252 1 0 
147 1 0 103 33 318 1 0 
147 2 0 107 43 272 1 0 
147 3 298 122 95 293 0 0 
148 0 0 132 33 252 1 0 
148 1 0 103 33 318 1 0 
148 2 0 107 43 272 1 0 
148 3 297 121 95 295 0 0 
149 0 0 132 33 252 1 0 
149 1 0 103 33 318 1 0 
149 2 0 107 43 272 1 0 
149 3 295 120 95 296 0 0 
150 0 0 132 33 252 1 0 
150 1 0 103 33 318 1 0 
150 2 0 107 43 272 1 0 
150 3 294 119 95 298 0 0 
151 0 0 132 33 252 1 0 
151 1 0 103 33 318 1 0 
151 2 0 107 43 272 1 0 
151 3 292 118 96 299 0 0 
152 0 0 132 33 252 1 0 
152 1 0 103 33 318 1 0 
152 2 0 107 43 272 1 0 
152 3 291 117 96 301 0 0 
153 0 0 132 33 252 1 0 
153 1 0 103 33 318 1 0 
153 2 0 107 43 272 1 0 
153 3 291 117 96 301 0 0 
154 0 0 132 33 252 1 0 
154 1 0 103 33 318 1 0 
154 2 0 108 43 271 1 0 
154 3 291 117 96 301 0 0 
155 0 0 132 33 252 1 0 
155 1 0 103 33 318 1 0 
155 2 0 108 43 271 1 0 
155 3 292 117 96 301 0 0 
156 0 0 132 33 252 1 0 
156 1 0 103 33 318 1 0 
156 2 0 108 43 271 1 0 
156 3 292 117 96 301 0 0 
157 0 0 132 33 252 1 0 
157 1 0 103 33 318 1 0 
157 2 0 108 43 271 1 0 
157 3 292 117 96 301 0 0 
158 0 0 132 33 252 1 0 
158 1 0 103 33 318 1 0 
158 2 0 108 43 271 1 0 
158 3 293 117 96 301 0 0 
159 0 0 132 33 252 1 0 
159 1 0 103 33 318 1 0 
159 2 0 108 43 271 1 0 
159 3 293 117 96 301 0 0 
160 0 0 132 33 252 1 0 
160 1 0 103 33 318 1 0 
160 2 0 108 43 271 1 0 
160 3 293 117 96 301 0 0 
161 0 0 132 33 252 1 0 
161 1 0 103 33 318 1 0 
161 2 0 108 43 271 1 0 
161 3 294 117 96 301 0 0 
162 0 0 132 33 252 1 0 
162 1 0 103 33 318 1 0 
162 2 0 109 43 270 0 1 
162 3 294 117 96 301 0 0 
163 0 0 132 33 252 1 0 
163 1 0 103 33 318 1 0 
163 2 0 110 66 269 0 1 
163 3 294 117 96 301 0 0 
164 0 0 132 33 252 1 0 
164 1 0 103 33 318 1 0 
164 2 0 107 73 269 0 1 
164 3 295 117 96 301 0 0 
165 0 0 132 33 252 1 0 
165 1 0 103 33 318 1 0 
165 2 0 112 78 269 0 1 
165 3 293 116 97 302 0 0 
166 0 0 132 33 252 1 0 
166 1 0 103 33 318 1 0 
166 2 0 112 77 269 0 1 
166 3 292 116 97 302 0 0 
167 0 0 132 33 252 1 0 
167 1 0 103 33 318 1 0 
167 2 0 113 81 269 0 0 
167 3 291 115 98 303 0 0 
168 0 0 132 33 252 1 0 
168 1 0 103 33 318 1 0 
168 2 0 113 116 269 0 0 
168 3 289 115 99 303 0 0 
169 0 0 132 33 252 1 0 
169 1 0 103 33 318 1 0 
169 2 0 115 126 274 0 0 
169 3 288 114 99 304 0 0 
170 0 0 132 33 252 1 0 
170 1 0 103 33 318 1 0 
170 2 19 119 106 264 0 0 
170 3 287 114 100 304 0 0 
171 0 0 132 33 252 1 0 
171 1 0 103 33 318 1 0 
171 2 30 123 126 251 0 0 
171 3 286 113 100 305 0 0 
172 0 0 132 33 252 1 0 
172 1 0 103 33 318 1 0 
172 2 59 126 101 251 0 0 
172 3 284 113 101 305 0 0 
173 0 0 132 33 252 1 0 
173 1 0 103 33 318 1 0 
173 2 78 125 101 251 0 0 
173 3 283 112 102 306 0 0 
174 0 0 132 33 252 1 0 
174 1 0 103 33 318 1 0 
174 2 95 124 101 251 0 0 
174 3 282 112 102 306 0 0 
175 0 0 132 33 252 1 0 
175 1 0 103 33 318 1 0 
175 2 112 124 101 251 0 0 
175 3 281 111 102 307 0 0 
176 0 0 132 33 252 1 0 
176 1 0 103 33 318 1 0 
176 2 129 124 101 251 0 0 
176 3 279 111 104 307 0 0 
177 0 0 132 33 252 1 0 
177 1 0 103 33 318 1 0 
177 2 146 124 101 251 0 0 
177 3 278 110 104 308 0 0 
178 0 0 132 33 252 1 0 
178 1 0 103 33 318 1 0 
178 2 156 127 101 251 0 0 
178 3 277 110 104 308 0 0 
179 0 0 132 33 252 1 0 
179 1 0 103 33 318 1 0 
179 2 171 131 96 241 0 0 
179 3 276 110 105 308 0 0 
180 0 0 132 33 252 1 0 
180 1 0 103 33 318 1 0 
180 2 186 136 92 231 0 0 
180 3 278 110 104 308 0 0 
181 0 0 132 33 252 1 0 
181 1 0 103 33 318 1 0 
181 2 197 136 92 228 0 0 
181 3 280 111 103 307 0 0 
182 0 0 132 33 252 1 0 
182 1 0 103 33 318 1 0 
182 2 209 137 92 224 0 0 
182 3 282 111 102 307 0 0 
183 0 0 132 33 252 1 0 
183 1 0 103 33 318 1 0 
183 2 221 138 92 221 0 1 
183 3 284 112 102 306 0 0 
184 0 0 132 33 252 1 0 
184 1 0 103 33 318 1 0 
184 2 231 138 92 221 0 1 
184 3 286 112 101 306 0 0 
185 0 0 132 33 252 1 0 
185 1 0 103 33 318 1 0 
185 2 242 139 92 221 0 1 
185 3 288 113 100 305 0 0 
186 0 0 132 33 252 1 0 
186 1 0 103 33 318 1 0 
186 2 252 140 92 221 0 1 
186 3 290 113 100 305 0 0 
187 0 0 132 33 252 1 0 
187 1 0 103 33 318 1 0 
187 2 263 141 92 221 0 1 
187 3 292 114 99 304 0 0 
188 0 0 132 33 252 1 0 
188 1 0 103 33 318 1 0 
188 2 278 140 92 221 0 1 
188 3 294 114 98 304 0 0 
189 0 0 132 33 252 1 0 
189 1 0 103 33 318 1 0 
189 2 293 139 92 221 0 1 
189 3 296 115 98 304 0 0 
190 0 0 132 33 252 1 0 
190 1 0 103 33 318 1 0 
190 2 299 139 92 221 0 1 
190 3 297 115 97 304 0 0 
191 0 0 132 33 252 1 0 
191 1 0 103 33 318 1 0 
191 2 306 139 92 221 0 1 
191 3 298 116 96 303 0 0 
192 0 0 132 33 252 1 0 
192 1 0 103 33 318 1 0 
192 2 313 139 92 221 0 1 
192 3 299 117 96 302 0 0 
193 0 0 132 33 252 1 0 
193 1 0 103 33 318 1 0 
193 2 327 141 91 219 0 1 
193 3 300 117 95 302 0 0 
194 0 0 132 33 252 1 0 
194 1 0 103 33 318 1 0 
194 2 342 143 90 217 0 1 
194 3 301 118 95 301 0 0 
195 0 0 132 33 252 1 0 
195 1 0 103 33 318 1 0 
195 2 357 145 88 215 0 1 
195 3 302 119 94 300 0 0 
196 0 0 132 33 252 1 0 
196 1 0 103 33 318 1 0 
196 2 372 148 87 212 0 0 
196 3 303 119 94 300 0 0 
197 0 0 132 33 252 1 0 
197 1 0 103 33 318 1 0 
197 2 381 147 87 212 0 0 
197 3 304 120 93 299 0 0 
198 0 0 132 33 252 1 0 
198 1 0 103 33 318 1 0 
198 2 391 146 87 212 0 0 
198 3 306 121 92 299 0 0 
199 0 0 132 33 252 1 0 
199 1 0 103 33 318 1 0 
199 2 401 145 87 212 0 0 
199 3 309 121 94 298 0 0 
200 0 0 132 33 252 1 0 
200 1 0 103 33 318 1 0 
200 2 411 144 87 212 0 0 
200 3 313 121 96 297 0 0 
201 0 0 132 33 252 1 0 
201 1 0 103 33 318 1 0 
201 2 421 144 86 212 0 0 
201 3 317 121 98 296 0 0 
202 0 0 132 33 252 1 0 
202 1 0 103 33 318 1 0 
202 2 432 144 85 212 0 0 
202 3 321 121 100 295 0 0 
203 0 0 132 33 252 1 0 
203 1 0 103 33 318 1 0 
203 2 443 145 84 212 0 0 
203 3 325 121 102 294 0 0 
204 0 0 132 33 252 1 0 
204 1 0 103 33 318 1 0 
204 2 454 145 83 212 0 0 
204 3 328 121 104 293 0 0 
205 0 0 132 33 252 1 0 
205 1 0 103 33 318 1 0 
205 2 465 146 82 212 0 0 
205 3 332 121 106 292 0 0 
206 0 0 132 33 252 1 0 
206 1 0 103 33 318 1 0 
206 2 475 146 82 212 0 0 
206 3 336 121 108 291 0 0 
207 0 0 132 33 252 1 0 
207 1 0 103 33 318 1 0 
207 2 485 146 82 212 0 0 
207 3 340 121 110 290 0 0 
208 0 0 132 33 252 1 0 
208 1 0 103 33 318 1 0 
208 2 495 146 82 212 0 0 
208 3 344 122 112 288 0 0 
209 0 0 132 33 252 1 0 
209 1 0 103 33 318 1 0 
209 2 505 146 82 212 0 0 
209 3 350 121 107 290 0 0 
210 0 0 132 33 252 1 0 
210 1 0 103 33 318 1 0 
210 2 516 147 82 212 0 0 
210 3 357 120 102 292 0 0 
211 0 0 132 33 252 1 0 
211 1 0 103 33 318 1 0 
211 2 526 147 82 212 0 0 
211 3 363 119 98 294 0 0 
212 0 0 132 33 252 1 0 
212 1 0 103 33 318 1 0 
212 2 536 147 82 212 0 0 
212 3 370 118 92 296 0 0 
213 0 0 132 33 252 1 0 
213 1 0 103 33 318 1 0 
213 2 546 147 82 212 0 0 
213 3 376 117 88 298 0 0 
214 0 0 132 33 252 1 0 
214 1 0 103 33 318 1 0 
214 2 556 147 82 212 0 0 
214 3 383 116 83 300 0 0 
215 0 0 132 33 252 1 0 
215 1 0 103 33 318 1 0 
215 2 566 147 82 212 0 0 
215 3 389 117 87 300 0 0 
216 0 0 132 33 252 1 0 
216 1 0 103 33 318 1 0 
216 2 576 147 82 212 0 0 
216 3 395 118 91 300 0 0 
217 0 0 132 33 252 1 0 
217 1 0 103 33 318 1 0 
217 2 587 148 82 212 0 0 
217 3 401 119 95 300 0 0 
218 0 0 132 33 252 1 0 
218 1 0 103 33 318 1 0 
218 2 597 146 83 215 0 0 
218 3 407 120 99 300 0 0 
219 0 0 132 33 252 1 0 
219 1 0 103 33 318 1 0 
219 2 607 145 84 217 0 0 
219 3 412 121 98 299 0 0 
220 0 0 132 33 252 1 0 
220 1 0 103 33 318 1 0 
220 2 617 144 85 219 0 0 
220 3 417 122 98 298 0 0 
221 0 0 132 33 252 1 0 
221 1 0 103 33 318 1 0 
221 2 627 143 86 221 0 0 
221 3 422 123 97 297 0 0 
222 0 0 132 33 252 1 0 
222 1 0 103 33 318 1 0 
222 2 637 142 87 223 0 0 
222 3 427 124 97 297 0 0 
223 0 0 132 33 252 1 0 
223 1 0 103 33 318 1 0 
223 2 648 141 88 225 0 0 
223 3 429 124 94 295 0 0 
224 0 0 132 33 252 1 0 
224 1 0 103 33 318 1 0 
224 2 657 142 89 223 0 0 
224 3 432 125 91 292 0 0 
225 0 0 132 33 252 1 0 
225 1 0 103 33 318 1 0 
225 2 666 143 91 221 0 0 
225 3 434 126 89 290 0 0 
226 0 0 132 33 252 1 0 
226 1 0 103 33 318 1 0 
226 2 675 144 92 219 0 0 
226 3 437 127 86 287 0 0 
227 0 0 132 33 252 1 0 
227 1 0 103 33 318 1 0 
227 2 684 145 94 217 0 0 
227 3 440 127 83 285 0 0 
228 0 0 132 33 252 1 0 
228 1 0 103 33 318 1 0 
228 2 693 146 95 215 0 0 
228 3 442 128 81 283 0 0 
229 0 0 132 33 252 1 0 
229 1 0 103 33 318 1 0 
229 2 702 147 97 214 0 0 
229 3 445 129 78 280 0 0 
230 0 0 132 33 252 1 0 
230 1 0 103 33 318 1 0 
230 2 710 147 89 214 0 0 
230 3 448 130 75 278 0 0 
231 0 0 132 33 252 1 0 
231 1 0 103 33 318 1 0 
231 2 718 147 81 214 0 0 
231 3 447 132 73 274 0 0 
232 0 0 132 33 252 1 0 
232 1 0 103 33 318 1 0 
232 2 726 147 73 214 0 0 
232 3 446 135 72 270 0 0 
233 0 0 132 33 252 1 0 
233 1 0 103 33 318 1 0 
233 2 734 147 65 214 0 0 
233 3 446 137 70 267 0 0 
234 0 0 132 33 252 1 0 
234 1 0 103 33 318 1 0 
234 2 742 147 57 214 0 0 
234 3 445 140 69 263 0 0 
235 0 0 132 33 252 1 0 
235 1 0 103 33 318 1 0 
235 2 751 148 48 214 0 1 
235 3 444 142 68 260 0 0 
236 0 0 132 33 252 1 0 
236 1 0 103 33 318 1 0 
236 2 761 148 38 214 0 1 
236 3 444 145 66 256 0 0 
237 0 0 132 33 252 1 0 
237 1 0 103 33 318 1 0 
237 2 771 148 28 214 0 1 
237 3 439 146 70 249 0 0 
238 0 0 132 33 252 1 0 
238 1 0 103 33 318 1 0 
238 2 782 149 17 214 1 1 
238 3 434 147 74 243 0 0 
239 0 0 132 33 252 1 0 
239 1 0 103 33 318 1 0 
239 2 782 149 17 214 1 1 
239 3 429 148 79 237 0 0 
240 0 0 132 33 252 1 0 
240 1 0 103 33 318 1 0 
240 2 781 148 18 215 1 1 
240 3 424 149 83 230 0 0 
241 0 0 132 33 252 1 0 
241 1 0 103 33 318 1 0 
241 2 781 148 18 215 1 1 
241 3 419 150 87 224 0 0 
242 0 0 132 33 252 1 0 
242 1 0 103 33 318 1 0 
242 2 781 148 18 215 1 1 
242 3 415 151 91 218 0 0 
243 0 0 132 33 252 1 0 
243 1 0 103 33 318 1 0 
243 2 781 147 18 216 1 1 
243 3 412 150 90 217 0 0 
244 0 0 132 33 252 1 0 
244 1 0 103 33 318 1 0 
244 2 781 147 18 216 1 1 
244 3 409 150 89 216 0 0 
245 0 0 132 33 252 1 0 
245 1 0 103 33 318 1 0 
245 2 781 147 18 216 1 1 
245 3 406 150 88 214 0 0 
246 0 0 132 33 252 1 0 
246 1 0 103 33 318 1 0 
246 2 781 146 18 217 1 1 
246 3 403 149 87 214 0 0 
247 0 0 132 33 252 1 0 
247 1 0 103 33 318 1 0 
247 2 781 146 18 217 1 1 
247 3 400 149 86 212 0 0 
248 0 0 132 33 252 1 0 
248 1 0 103 33 318 1 0 
248 2 781 146 18 217 1 1 
248 3 398 149 85 211 0 0 
249 0 0 132 33 252 1 0 
249 1 0 103 33 318 1 0 
249 2 781 145 18 218 1 1 
249 3 394 149 82 211 0 0 
250 0 0 132 33 252 1 0 
250 1 0 103 33 318 1 0 
250 2 781 145 18 218 1 1 
250 3 390 149 79 211 0 0 
251 0 0 132 33 252 1 0 
251 1 0 103 33 318 1 0 
251 2 781 145 18 218 1 1 
251 3 386 149 76 211 0 0 
252 0 0 132 33 252 1 0 
252 1 0 103 33 318 1 0 
252 2 781 145 18 218 1 1 
252 3 382 149 73 211 0 0 
253 0 0 132 33 252 1 0 
253 1 0 103 33 318 1 0 
253 2 781 144 18 219 1 1 
253 3 378 149 70 211 0 0 
254 0 0 132 33 252 1 0 
254 1 0 103 33 318 1 0 
254 2 781 144 18 219 1 1 
254 3 375 149 67 211 0 0 
255 0 0 132 33 252 1 0 
255 1 0 103 33 318 1 0 
255 2 781 144 18 219 1 1 
255 3 372 149 67 211 0 0 
256 0 0 132 33 252 1 0 
256 1 0 103 33 318 1 0 
256 2 781 143 18 220 1 1 
256 3 369 149 67 211 0 0 
257 0 0 132 33 252 1 0 
257 1 0 103 33 318 1 0 
257 2 781 143 18 220 1 1 
257 3 366 149 67 211 0 0 
258 0 0 132 33 252 1 0 
258 1 0 103 33 318 1 0 
258 2 781 143 18 220 1 1 
258 3 363 149 67 211 0 0 
259 0 0 132 33 252 1 0 
259 1 0 103 33 318 1 0 
259 2 781 142 18 221 1 1 
259 3 360 149 67 211 0 0 
260 0 0 132 33 252 1 0 
260 1 0 103 33 318 1 0 
260 2 781 142 18 221 1 1 
260 3 357 149 67 211 0 0 
261 0 0 132 33 252 1 0 
261 1 0 103 33 318 1 0 
261 2 781 142 18 221 1 1 
261 3 355 150 67 211 0 0 
262 0 0 132 33 252 1 0 
262 1 0 103 33 318 1 0 
262 2 781 142 18 221 1 1 
262 3 353 150 68 212 0 0 
263 0 0 132 33 252 1 0 
263 1 0 103 33 318 1 0 
263 2 781 141 18 222 1 1 
263 3 352 150 68 214 0 0 
264 0 0 132 33 252 1 0 
264 1 0 103 33 318 1 0 
264 2 781 141 18 222 1 1 
264 3 351 150 69 216 0 0 
265 0 0 132 33 252 1 0 
265 1 0 103 33 318 1 0 
265 2 781 141 18 222 1 1 
265 3 349 150 70 217 0 0 
266 0 0 132 33 252 1 0 
266 1 0 103 33 318 1 0 
266 2 781 140 18 223 1 1 
266 3 348 150 70 219 0 0 
267 0 0 132 33 252 1 0 
267 1 0 103 33 318 1 0 
267 2 781 140 18 223 1 1 
267 3 347 150 71 221 0 0 
268 0 0 132 33 252 1 0 
268 1 0 103 33 318 1 0 
268 2 781 140 18 223 1 1 
268 3 347 149 72 223 0 0 
269 0 0 132 33 252 1 0 
269 1 0 103 33 318 1 0 
269 2 781 139 18 224 1 1 
269 3 347 148 73 226 0 0 
270 0 0 132 33 252 1 0 
270 1 0 103 33 318 1 0 
270 2 781 139 18 224 1 1 
270 3 348 148 73 228 0 0 
271 0 0 132 33 252 1 0 
271 1 0 103 33 318 1 0 
271 2 781 139 18 224 1 1 
271 3 348 147 74 230 0 0 
272 0 0 132 33 252 1 0 
272 1 0 103 33 318 1 0 
272 2 781 139 18 224 1 1 
272 3 349 146 75 233 0 0 
273 0 0 132 33 252 1 0 
273 1 0 103 33 318 1 0 
273 2 780 138 19 225 1 1 
273 3 349 146 76 235 0 0 
274 0 0 132 33 252 1 0 
274 1 0 103 33 318 1 0 
274 2 780 138 19 225 1 1 
274 3 350 145 76 238 0 0 
275 0 0 132 33 252 1 0 
275 1 0 103 33 318 1 0 
275 2 780 138 19 225 1 1 
275 3 350 144 77 240 0 0 
276 0 0 132 33 252 1 0 
276 1 0 103 33 318 1 0 
276 2 780 137 19 226 1 1 
276 3 351 144 77 242 0 0 
277 0 0 132 33 252 1 0 
277 1 0 103 33 318 1 0 
277 2 780 137 19 226 1 1 
277 3 351 143 79 245 0 0 
278 0 0 132 33 252 1 0 
278 1 0 103 33 318 1 0 
278 2 780 137 19 226 1 1 
278 3 352 142 79 248 0 0 
279 0 0 132 33 252 1 0 
279 1 0 103 33 318 1 0 
279 2 780 136 19 227 1 1 
279 3 352 142 80 249 0 0 
280 0 0 132 33 252 1 0 
280 1 0 103 33 318 1 0 
280 2 780 136 19 227 1 1 
280 3 353 141 80 252 0 0 
281 0 0 132 33 252 1 0 
281 1 0 103 33 318 1 0 
281 2 780 136 19 227 1 1 
281 3 353 140 81 255 0 0 
282 0 0 132 33 252 1 0 
282 1 0 103 33 318 1 0 
282 2 780 135 19 228 1 1 
282 3 354 140 82 257 0 0 
283 0 0 132 33 252 1 0 
283 1 0 103 33 318 1 0 
283 2 780 135 19 228 1 1 
283 3 354 139 83 258 0 0 
284 0 0 132 33 252 1 0 
284 1 0 103 33 318 1 0 
284 2 780 135 19 228 1 1 
284 3 354 139 84 258 0 0 
285 0 0 132 33 252 1 0 
285 1 0 103 33 318 1 0 
285 2 780 135 19 228 1 1 
285 3 354 138 85 259 0 0 
286 0 0 132 33 252 1 0 
286 1 0 103 33 318 1 0 
286 2 780 134 19 229 1 1 
286 3 354 138 87 260 0 0 
287 0 0 132 33 252 1 0 
287 1 0 103 33 318 1 0 
287 2 780 134 19 229 1 1 
287 3 355 137 87 261 0 0 
288 0 0 132 33 252 1 0 
288 1 0 103 33 318 1 0 
288 2 780 134 19 229 1 1 
288 3 355 137 88 261 0 0 
289 0 0 132 33 252 1 0 
289 1 0 103 33 318 1 0 
289 2 780 133 19 230 1 1 
289 3 355 136 90 263 0 0 
290 0 0 132 33 252 1 0 
290 1 0 103 33 318 1 0 
290 2 780 133 19 230 1 1 
290 3 355 136 91 263 0 0 
291 0 0 132 33 252 1 0 
291 1 0 103 33 318 1 0 
291 2 780 133 19 230 1 1 
291 3 355 135 92 264 0 0 
292 0 0 132 33 252 1 0 
292 1 0 103 33 318 1 0 
292 2 780 132 19 231 1 1 
292 3 356 135 93 265 0 0 
293 0 0 132 33 252 1 0 
293 1 0 103 33 318 1 0 
293 2 780 132 19 231 1 1 
293 3 357 134 92 265 0 0 
294 0 0 132 33 252 1 0 
294 1 0 103 33 318 1 0 
294 2 780 132 19 231 1 1 
294 3 358 134 91 265 0 0 
295 0 0 132 33 252 1 0 
295 1 0 103 33 318 1 0 
295 2 780 132 19 231 1 1 
295 3 359 134 91 265 0 0 
296 0 0 132 33 252 1 0 
296 1 0 103 33 318 1 0 
296 2 780 131 19 232 1 1 
296 3 360 134 90 265 0 0 
297 0 0 132 33 252 1 0 
297 1 0 103 33 318 1 0 
297 2 780 131 19 232 1 1 
297 3 361 134 89 265 0 0 
298 0 0 132 33 252 1 0 
298 1 0 103 33 318 1 0 
298 2 780 131 19 232 1 1 
298 3 362 134 89 265 0 0 
299 0 0 132 33 252 1 0 
299 1 0 103 33 318 1 0 
299 2 780 130 19 233 1 1 
299 3 363 134 88 265 0 0 
300 0 0 132 33 252 1 0 
300 1 0 103 33 318 1 0 
300 2 780 130 19 233 1 1 
300 3 364 134 87 265 0 0 
301 0 0 132 33 252 1 0 
301 1 0 103 33 318 1 0 
301 2 780 130 19 233 1 1 
301 3 365 134 87 265 0 0 
302 0 0 132 33 252 1 0 
302 1 0 103 33 318 1 0 
302 2 780 129 19 234 1 1 
302 3 366 134 86 265 0 0 
303 0 0 132 33 252 1 0 
303 1 0 103 33 318 1 0 
303 2 780 129 19 234 1 1 
303 3 367 134 85 265 0 0 
304 0 0 132 33 252 1 0 
304 1 0 103 33 318 1 0 
304 2 780 129 19 234 1 1 
304 3 369 134 84 265 0 0 
305 0 0 132 33 252 1 0 
305 1 0 103 33 318 1 0 
305 2 780 129 19 234 0 1 
305 3 369 133 83 266 0 0 
306 0 0 132 33 252 1 0 
306 1 0 103 33 318 1 0 
306 2 776 129 23 234 0 1 
306 3 369 133 83 266 0 0 
307 0 0 132 33 252 1 0 
307 1 0 103 33 318 1 0 
307 2 773 129 26 234 0 1 
307 3 369 133 83 266 0 0 
308 0 0 132 33 252 1 0 
308 1 0 103 33 318 1 0 
308 2 770 129 29 234 0 1 
308 3 369 133 83 266 0 0 
309 0 0 132 33 252 1 0 
309 1 0 103 33 318 1 0 
309 2 767 129 32 234 0 1 
309 3 369 133 83 266 0 0 
310 0 0 132 33 252 1 0 
310 1 0 103 33 318 1 0 
310 2 763 129 36 234 0 1 
310 3 369 133 83 266 0 0 
311 0 0 132 33 252 1 0 
311 1 0 103 33 318 1 0 
311 2 760 129 39 234 0 1 
311 3 369 133 83 266 0 0 
312 0 0 132 33 252 1 0 
312 1 0 103 33 318 1 0 
312 2 757 129 42 234 0 1 
312 3 369 133 83 266 0 0 
313 0 0 132 33 252 1 0 
313 1 0 103 33 318 1 0 
313 2 754 129 45 234 0 1 
313 3 369 133 83 266 0 0 
314 0 0 132 33 252 1 0 
314 1 0 103 33 318 1 0 
314 2 744 129 55 239 0 1 
314 3 369 133 83 266 0 0 
315 0 0 132 33 252 1 0 
315 1 0 103 33 318 1 0 
315 2 734 130 65 243 0 1 
315 3 369 133 83 266 0 0 
316 0 0 132 33 252 1 0 
316 1 0 103 33 318 1 0 
316 2 724 130 75 248 0 1 
316 3 369 133 83 266 0 0 
317 0 0 132 33 252 1 0 
317 1 0 103 33 318 1 0 
317 2 715 131 84 253 0 0 
317 3 369 133 83 266 0 0 
318 0 0 132 33 252 1 0 
318 1 0 103 33 318 1 0 
318 2 709 129 90 257 0 0 
318 3 369 133 83 266 0 0 
319 0 0 132 33 252 1 0 
319 1 0 103 33 318 1 0 
319 2 703 127 96 261 0 0 
319 3 369 133 83 266 0 0 
320 0 0 132 33 252 1 0 
320 1 0 103 33 318 0 1 
320 2 697 125 102 265 0 0 
320 3 369 133 83 266 0 0 
321 0 0 132 33 252 1 0 
321 1 0 102 41 323 0 1 
321 2 691 123 108 269 0 0 
321 3 369 133 83 266 0 0 
322 0 0 132 33 252 1 0 
322 1 0 101 50 328 0 1 
322 2 685 121 114 273 0 0 
322 3 370 133 81 266 0 0 
323 0 0 132 33 252 1 0 
323 1 0 100 59 333 0 1 
323 2 678 118 116 282 0 0 
323 3 370 133 81 266 0 0 
324 0 0 132 33 252 1 0 
324 1 0 99 68 338 0 1 
324 2 671 116 118 290 0 0 
324 3 370 133 81 266 0 0 
325 0 0 132 33 252 1 0 
325 1 0 98 77 343 0 1 
325 2 664 114 120 298 0 0 
325 3 370 133 81 266 0 0 
326 0 0 132 33 252 1 0 
326 1 0 97 86 348 0 1 
326 2 657 112 122 306 0 0 
326 3 370 133 81 266 0 0 
327 0 0 132 33 252 1 0 
327 1 0 96 95 353 0 1 
327 2 650 110 124 314 0 0 
327 3 370 133 81 266 0 0 
328 0 0 132 33 252 1 0 
328 1 0 95 104 358 0 1 
328 2 643 108 126 322 0 0 
328 3 370 133 81 266 0 0 
329 0 0 132 33 252 1 0 
329 1 0 95 113 363 0 1 
329 2 636 106 128 330 0 0 
329 3 370 133 81 266 0 0 
330 0 0 132 33 252 1 0 
330 1 0 94 122 366 0 1 
330 2 624 106 128 330 0 0 
330 3 370 133 81 266 0 0 
331 0 0 132 33 252 1 0 
331 1 0 94 132 368 0 1 
331 2 612 107 128 330 0 0 
331 3 370 133 81 266 0 0 
332 0 0 132 33 252 1 0 
332 1 0 93 141 371 0 1 
332 2 601 108 128 330 0 0 
332 3 370 133 81 266 0 0 
333 0 0 132 33 252 1 0 
333 1 0 93 151 373 0 0 
333 2 589 109 128 330 0 0 
333 3 370 133 81 266 0 0 
334 0 0 132 33 252 1 0 
334 1 0 92 157 381 0 0 
334 2 578 110 128 330 0 0 
334 3 370 133 81 266 0 0 
335 0 0 132 33 252 1 0 
335 1 9 90 157 388 0 0 
335 2 566 108 125 336 0 0 
335 3 370 133 81 266 0 0 
336 0 0 132 33 252 1 0 
336 1 18 89 157 395 0 0 
336 2 555 107 122 342 0 0 
336 3 370 133 81 266 0 0 
337 0 0 132 33 252 1 0 
337 1 28 87 157 402 0 0 
337 2 544 105 118 348 0 0 
337 3 370 133 81 266 0 0 
338 0 0 132 33 252 1 0 
338 1 37 86 157 409 0 0 
338 2 533 104 115 354 0 0 
338 3 370 133 81 266 0 0 
339 0 0 132 33 252 1 0 
339 1 46 85 157 415 0 0 
339 2 520 102 115 356 0 0 
339 3 371 133 80 267 0 0 
340 0 0 132 33 252 1 0 
340 1 56 83 157 423 0 0 
340 2 508 101 115 358 0 0 
340 3 371 132 79 268 0 0 
341 0 0 132 33 252 1 0 
341 1 65 82 157 429 0 0 
341 2 495 99 115 361 0 0 
341 3 371 132 79 268 0 0 
342 0 0 132 33 252 1 0 
342 1 75 81 157 436 0 0 
342 2 483 98 115 363 0 0 
342 3 371 132 79 268 0 0 
343 0 0 132 33 252 1 0 
343 1 93 80 157 436 0 0 
343 2 471 97 115 365 0 0 
343 3 371 132 79 268 0 0 
344 0 0 132 33 252 1 0 
344 1 111 79 157 437 0 0 
344 2 458 95 115 368 0 0 
344 3 371 132 79 268 0 0 
345 0 0 132 33 252 1 0 
345 1 129 78 157 438 0 0 
345 2 446 94 115 370 0 0 
345 3 371 132 79 268 0 0 
346 0 0 132 33 252 1 0 
346 1 147 77 157 439 0 0 
346 2 434 93 115 372 0 0 
346 3 371 132 79 268 0 0 
347 0 0 132 33 252 1 0 
347 1 165 76 157 440 0 0 
347 2 416 95 119 364 0 0 
347 3 371 132 79 268 0 0 
348 0 0 132 33 252 1 0 
348 1 183 76 157 440 0 0 
348 2 398 98 124 355 0 0 
348 3 371 132 79 268 0 0 
349 0 0 132 33 252 1 0 
349 1 201 76 154 440 0 0 
349 2 380 101 128 346 0 0 
349 3 371 132 79 268 0 0 
350 0 0 132 33 252 1 0 
350 1 219 76 151 440 0 0 
350 2 362 104 133 337 0 0 
350 3 371 132 79 268 0 0 
351 0 0 132 33 252 1 0 
351 1 237 76 148 440 0 0 
351 2 345 107 137 329 0 0 
351 3 371 132 79 268 0 0 
352 0 0 132 33 252 1 0 
352 1 255 76 145 440 0 0 
352 2 331 106 134 328 0 1 
352 3 371 132 79 268 0 0 
353 0 0 132 33 252 1 0 
353 1 274 77 142 440 0 0 
353 2 317 106 131 327 0 1 
353 3 371 132 79 268 0 0 
354 0 0 132 33 252 1 0 
354 1 293 76 142 443 0 0 
354 2 303 105 128 327 0 1 
354 3 371 132 79 268 0 0 
355 0 0 132 33 252 1 0 
355 1 313 75 142 446 0 0 
355 2 290 105 125 326 0 1 
355 3 371 132 79 268 0 0 
356 0 0 132 33 252 1 0 
356 1 332 75 142 449 0 0 
356 2 276 105 122 325 0 1 
356 3 371 132 79 268 0 0 
357 0 0 132 33 252 1 0 
357 1 352 74 142 452 0 0 
357 2 263 105 119 324 0 0 
357 3 371 132 79 268 0 0 
358 0 0 132 33 252 1 0 
358 1 371 73 142 455 0 0 
358 2 250 104 119 322 0 0 
358 3 371 132 79 268 0 0 
359 0 0 132 33 252 1 0 
359 1 391 73 142 458 0 0 
359 2 238 104 119 319 0 0 
359 3 371 132 79 268 0 0 
360 0 0 132 33 252 1 0 
360 1 408 74 142 458 0 0 
360 2 225 103 119 318 0 0 
360 3 371 132 79 268 0 0 
361 0 0 132 33 252 1 0 
361 1 425 75 142 458 0 0 
361 2 213 103 119 315 0 0 
361 3 372 132 78 269 0 0 
362 0 0 132 33 252 1 0 
362 1 443 76 142 458 0 0 
362 2 201 103 119 313 0 0 
362 3 371 131 78 269 0 0 
363 0 0 132 33 252 1 0 
363 1 460 78 142 458 0 0 
363 2 193 104 117 311 0 0 
363 3 370 131 78 269 0 0 
364 0 0 132 33 252 1 0 
364 1 478 79 142 458 0 0 
364 2 186 106 115 309 0 0 
364 3 370 131 77 269 0 0 
365 0 0 132 33 252 1 0 
365 1 495 80 142 458 0 0 
365 2 179 108 112 306 0 0 
365 3 369 130 78 269 0 0 
366 0 0 132 33 252 1 0 
366 1 513 82 142 458 0 0 
366 2 172 110 110 304 0 0 
366 3 369 130 77 269 0 0 
367 0 0 132 33 252 1 0 
367 1 527 84 146 448 0 0 
367 2 165 112 107 301 0 0 
367 3 368 130 77 269 0 0 
368 0 0 132 33 252 1 0 
368 1 541 86 150 438 0 0 
368 2 158 114 105 299 0 0 
368 3 368 130 77 269 0 0 
369 0 0 132 33 252 1 0 
369 1 556 88 153 428 0 0 
369 2 146 114 106 295 0 0 
369 3 366 129 77 270 0 0 
370 0 0 132 33 252 1 0 
370 1 570 90 157 418 0 0 
370 2 135 114 106 291 0 0 
370 3 364 129 77 270 0 0 
371 0 0 132 33 252 1 0 
371 1 584 92 161 408 0 0 
371 2 124 114 106 287 0 0 
371 3 362 129 77 270 0 0 
372 0 0 132 33 252 1 0 
372 1 599 95 165 398 0 0 
372 2 113 114 106 283 0 0 
372 3 361 129 77 270 0 0 
373 0 0 132 33 252 1 0 
373 1 607 97 164 393 0 0 
373 2 102 114 106 279 0 0 
373 3 359 129 77 270 0 0 
374 0 0 132 33 252 1 0 
374 1 615 99 163 389 0 0 
374 2 91 114 107 276 0 0 
374 3 357 129 77 270 0 0 
375 0 0 132 33 252 1 0 
375 1 623 101 162 384 0 0 
375 2 75 113 112 279 0 0 
375 3 355 129 77 270 0 0 
376 0 0 132 33 252 1 0 
376 1 631 103 161 380 0 0 
376 2 60 112 117 282 0 0 
376 3 354 129 77 271 0 0 
377 0 0 132 33 252 1 0 
377 1 640 106 159 375 0 0 
377 2 45 111 122 286 0 0 
377 3 356 131 75 266 0 0 
378 0 0 132 33 252 1 0 
378 1 649 107 150 368 0 0 
378 2 30 110 126 289 0 0 
378 3 359 133 73 262 0 0 
379 0 0 132 33 252 1 0 
379 1 658 108 141 361 0 0 
379 2 15 109 131 292 0 0 
379 3 362 135 71 258 0 0 
380 0 0 132 33 252 1 0 
380 1 668 110 131 353 0 0 
380 2 0 108 136 296 0 0 
380 3 364 137 70 254 0 0 
381 0 0 132 33 252 1 0 
381 1 677 111 122 346 0 0 
381 2 0 107 128 296 0 0 
381 3 367 140 67 248 0 0 
382 0 0 132 33 252 1 0 
382 1 687 113 112 339 0 0 
382 2 0 107 120 296 0 0 
382 3 370 142 65 244 0 0 
383 0 0 132 33 252 1 0 
383 1 690 115 109 335 0 0 
383 2 0 107 112 296 0 0 
383 3 372 144 64 240 0 0 
384 0 0 132 33 252 1 0 
384 1 693 118 106 331 0 0 
384 2 0 106 104 296 0 0 
384 3 375 146 62 236 0 0 
385 0 0 132 33 252 1 0 
385 1 697 121 102 327 0 0 
385 2 0 106 96 296 0 0 
385 3 378 149 60 231 0 0 
386 0 0 132 33 252 1 0 
386 1 700 124 99 322 0 0 
386 2 0 106 88 296 0 0 
386 3 378 150 61 226 0 0 
387 0 0 132 33 252 1 0 
387 1 703 127 96 318 0 0 
387 2 0 106 80 296 0 0 
387 3 379 152 61 221 0 0 
388 0 0 132 33 252 1 0 
388 1 707 130 92 314 0 0 
388 2 0 106 72 296 0 1 
388 3 380 154 62 216 0 0 
389 0 0 132 33 252 1 0 
389 1 707 132 92 311 0 0 
389 2 0 107 64 296 0 1 
389 3 380 156 63 211 0 0 
390 0 0 132 33 252 1 0 
390 1 708 134 91 308 0 0 
390 2 0 106 54 296 0 1 
390 3 381 158 63 206 0 0 
391 0 0 132 33 252 1 0 
391 1 709 136 90 305 0 0 
391 2 0 106 45 296 0 1 
391 3 382 160 64 201 0 0 
392 0 0 132 33 252 1 0 
392 1 710 138 89 302 0 0 
392 2 0 106 36 296 0 1 
392 3 385 160 62 198 0 0 
393 0 0 132 33 252 1 0 
393 1 711 140 88 299 0 0 
393 2 0 106 29 296 0 1 
393 3 389 161 59 194 0 0 
394 0 0 132 33 252 1 0 
394 1 712 143 87 296 0 0 
394 2 0 106 23 296 1 1 
394 3 392 161 58 191 0 0 
395 0 0 132 33 252 1 0 
395 1 711 144 88 284 0 0 
395 2 0 106 23 296 1 1 
395 3 396 162 55 187 0 0 
396 0 0 132 33 252 1 0 
396 1 710 145 89 273 0 0 
396 2 0 106 23 296 1 1 
396 3 399 162 54 185 0 0 
397 0 0 132 33 252 1 0 
397 1 709 147 90 261 0 0 
397 2 0 106 23 296 1 1 
397 3 403 163 51 181 0 0 
398 0 0 132 33 252 1 0 
398 1 708 148 91 250 0 0 
398 2 0 106 23 296 1 1 
398 3 406 163 50 178 0 0 
399 0 0 132 33 252 1 0 
399 1 707 149 92 239 0 0 
399 2 0 106 23 296 1 1 
399 3 410 164 47 174 0 0 
400 0 0 132 33 252 1 0 
400 1 706 151 93 227 0 0 
400 2 0 106 23 296 1 1 
400 3 414 165 45 171 0 0 
401 0 0 132 33 252 1 0 
401 1 700 152 91 222 0 0 
401 2 0 106 23 296 1 1 
401 3 413 165 45 169 0 0 
402 0 0 132 33 252 1 0 
402 1 694 153 89 217 0 0 
402 2 0 106 23 296 1 1 
402 3 412 166 46 166 0 0 
403 0 0 132 33 252 1 0 
403 1 688 155 88 211 0 0 
403 2 0 106 23 296 1 1 
403 3 412 167 46 164 0 0 
404 0 0 132 33 252 1 0 
404 1 682 156 86 206 0 0 
404 2 0 106 23 296 1 1 
404 3 411 168 47 161 0 0 
405 0 0 132 33 252 1 0 
405 1 676 157 84 201 0 0 
405 2 0 106 23 296 1 1 
405 3 410 169 48 158 0 0 
406 0 0 132 33 252 1 0 
406 1 671 159 82 196 0 0 
406 2 0 106 23 296 1 1 
406 3 410 169 47 157 0 0 
407 0 0 132 33 252 1 0 
407 1 671 159 73 196 0 0 
407 2 0 106 23 296 1 1 
407 3 409 170 48 154 0 0 
408 0 0 132 33 252 1 0 
408 1 663 159 73 196 0 0 
408 2 0 106 23 296 1 1 
408 3 408 171 49 151 0 0 
409 0 0 132 33 252 1 0 
409 1 655 160 73 196 0 0 
409 2 0 106 23 296 1 1 
409 3 408 172 49 149 0 0 
410 0 0 132 33 252 1 0 
410 1 647 161 73 196 0 0 
410 2 0 106 23 296 1 1 
410 3 407 173 50 146 0 0 
411 0 0 132 33 252 1 0 
411 1 639 162 73 196 0 0 
411 2 0 106 23 296 1 1 
411 3 407 174 50 144 0 0 
412 0 0 132 33 252 1 0 
412 1 632 163 73 190 0 0 
412 2 0 106 23 296 1 1 
412 3 406 173 50 144 0 0 
413 0 0 132 33 252 1 0 
413 1 625 164 73 185 0 0 
413 2 0 106 23 296 1 1 
413 3 405 173 50 144 0 0 
414 0 0 132 33 252 1 0 
414 1 618 165 73 180 0 0 
414 2 0 106 23 296 1 1 
414 3 404 173 50 144 0 0 
415 0 0 132 33 252 1 0 
415 1 611 166 73 175 0 0 
415 2 0 106 23 296 1 1 
415 3 404 173 50 144 0 0 
416 0 0 132 33 252 1 0 
416 1 604 167 73 170 0 0 
416 2 0 106 23 296 1 1 
416 3 404 173 50 140 0 0 
417 0 0 132 33 252 1 0 
417 1 597 168 73 165 0 0 
417 2 0 106 23 296 1 1 
417 3 403 173 50 140 0 0 
418 0 0 132 33 252 1 0 
418 1 590 170 73 159 0 0 
418 2 0 106 23 296 1 1 
418 3 403 173 50 140 0 0 
419 0 0 132 33 252 1 0 
419 1 585 170 72 158 0 0 
419 2 0 106 23 296 1 1 
419 3 403 173 50 140 0 0 
420 0 0 132 33 252 1 0 
420 1 581 170 70 157 0 0 
420 2 0 106 23 296 1 1 
420 3 403 173 50 140 0 0 
421 0 0 132 33 252 1 0 
421 1 577 170 69 157 0 0 
421 2 0 106 23 296 1 1 
421 3 403 173 50 140 0 0 
422 0 0 132 33 252 1 0 
422 1 573 170 67 156 0 0 
422 2 0 106 23 296 0 1 
422 3 403 173 50 140 0 0 
423 0 0 132 33 252 1 0 
423 1 569 171 65 154 0 0 
423 2 0 105 36 300 0 1 
423 3 403 173 50 140 0 0 
424 0 0 132 33 252 1 0 
424 1 565 171 64 154 0 0 
424 2 0 104 49 304 0 1 
424 3 403 173 50 140 0 0 
425 0 0 132 33 252 1 0 
425 1 561 171 62 153 0 0 
425 2 0 103 62 308 0 1 
425 3 403 173 50 140 0 0 
426 0 0 132 33 252 1 0 
426 1 557 171 60 152 0 0 
426 2 0 102 75 312 0 1 
426 3 402 173 50 140 0 0 
427 0 0 132 33 252 1 0 
427 1 553 172 59 151 0 0 
427 2 0 101 89 316 0 1 
427 3 402 173 50 140 0 0 
428 0 0 132 33 252 1 0 
428 1 547 172 59 151 0 0 
428 2 0 100 95 316 0 1 
428 3 402 173 50 140 0 0 
429 0 0 132 33 252 1 0 
429 1 541 172 59 151 0 0 
429 2 0 100 102 316 0 0 
429 3 402 173 50 140 0 0 
430 0 0 132 33 252 1 0 
430 1 536 172 59 151 0 0 
430 2 8 103 108 309 0 0 
430 3 402 173 50 140 0 0 
431 0 0 132 33 252 1 0 
431 1 530 172 59 151 0 0 
431 2 17 106 114 303 0 0 
431 3 402 173 50 140 0 0 
432 0 0 132 33 252 1 0 
432 1 525 172 59 151 0 0 
432 2 25 109 120 296 0 0 
432 3 402 173 50 140 0 0 
433 0 0 132 33 252 1 0 
433 1 519 172 59 151 0 0 
433 2 34 112 126 290 0 0 
433 3 402 173 50 140 0 0 
434 0 0 132 33 252 1 0 
434 1 514 173 59 151 0 0 
434 2 48 114 123 282 0 0 
434 3 402 173 50 140 0 0 
435 0 0 132 33 252 1 0 
435 1 511 173 59 151 0 0 
435 2 63 116 119 275 0 0 
435 3 401 173 50 140 0 0 
436 0 0 132 33 252 1 0 
436 1 509 173 59 151 0 0 
436 2 78 118 116 268 0 0 
436 3 401 173 50 140 0 0 
437 0 0 132 33 252 1 0 
437 1 506 173 59 151 0 0 
437 2 93 120 112 260 0 0 
437 3 401 173 50 140 0 0 
438 0 0 132 33 252 1 0 
438 1 504 173 59 151 0 0 
438 2 108 122 108 253 0 0 
438 3 401 173 50 140 0 0 
439 0 0 132 33 252 1 0 
439 1 502 173 59 151 0 0 
439 2 123 124 105 246 0 0 
439 3 401 173 50 140 0 0 
440 0 0 132 33 252 1 0 
440 1 499 173 59 151 0 0 
440 2 140 126 99 246 0 0 
440 3 401 173 50 140 0 0 
441 0 0 132 33 252 1 0 
441 1 497 173 59 151 0 0 
441 2 157 128 93 246 0 0 
441 3 401 173 50 140 0 0 
442 0 0 132 33 252 1 0 
442 1 494 173 59 151 0 0 
442 2 174 131 87 246 0 0 
442 3 401 173 50 140 0 0 
443 0 0 132 33 252 1 0 
443 1 492 173 59 151 0 0 
443 2 182 132 86 241 0 0 
443 3 401 173 50 140 0 0 
444 0 0 132 33 252 1 0 
444 1 490 173 59 151 0 0 
444 2 191 134 84 236 0 0 
444 3 400 173 50 140 0 0 
445 0 0 132 33 252 1 0 
445 1 487 173 59 151 0 0 
445 2 200 135 82 231 0 0 
445 3 400 173 50 140 0 0 
446 0 0 132 33 252 1 0 
446 1 485 173 59 151 0 0 
446 2 209 137 81 226 0 0 
446 3 400 173 50 140 0 0 
447 0 0 132 33 252 1 0 
447 1 482 173 59 151 0 0 
447 2 218 138 79 221 0 0 
447 3 400 173 50 140 0 0 
448 0 0 132 33 252 1 0 
448 1 480 173 59 151 0 0 
448 2 227 140 77 216 0 0 
448 3 400 173 50 140 0 0 
449 0 0 132 33 252 1 0 
449 1 478 173 59 151 0 0 
449 2 236 141 75 211 0 0 
449 3 400 173 50 140 0 0 
450 0 0 132 33 252 1 0 
450 1 476 173 59 151 0 0 
450 2 245 143 74 206 0 0 
450 3 400 173 50 140 0 0 
451 0 0 132 33 252 1 0 
451 1 475 173 59 151 0 0 
451 2 250 144 73 203 0 0 
451 3 400 173 50 140 0 0 
452 0 0 132 33 252 1 0 
452 1 474 173 59 151 0 0 
452 2 256 146 71 199 0 0 
452 3 400 173 50 140 0 0 
453 0 0 132 33 252 1 0 
453 1 472 173 59 151 0 0 
453 2 262 148 69 196 0 0 
453 3 400 173 50 140 0 0 
454 0 0 132 33 252 1 0 
454 1 471 173 59 151 0 0 
454 2 268 150 67 192 0 0 
454 3 399 172 50 142 0 0 
455 0 0 132 33 252 1 0 
455 1 470 173 59 151 0 0 
455 2 274 152 65 188 0 0 
455 3 398 171 51 144 0 0 
456 0 0 132 33 252 1 0 
456 1 469 173 59 151 0 0 
456 2 280 154 63 185 0 0 
456 3 397 171 51 146 0 0 
457 0 0 132 33 252 1 0 
457 1 469 172 59 152 0 0 
457 2 286 156 61 181 0 0 
457 3 396 170 52 148 0 0 
458 0 0 132 33 252 1 0 
458 1 469 172 59 152 0 0 
458 2 292 158 59 177 0 0 
458 3 396 170 51 150 0 0 
459 0 0 132 33 252 1 0 
459 1 469 172 59 152 0 0 
459 2 298 160 58 174 0 0 
459 3 395 169 52 152 0 0 
460 0 0 132 33 252 0 1 
460 1 469 172 59 153 0 0 
460 2 300 160 58 173 0 0 
460 3 394 168 52 155 0 0 
461 0 0 129 33 259 0 1 
461 1 469 172 59 153 0 0 
461 2 302 160 58 173 0 0 
461 3 393 168 53 156 0 0 
462 0 0 127 34 265 0 1 
462 1 469 172 59 153 0 0 
462 2 304 160 58 172 0 0 
462 3 392 167 53 159 0 0 
463 0 0 125 34 271 0 1 
463 1 469 171 59 155 0 0 
463 2 306 161 58 171 0 0 
463 3 392 167 53 160 0 0 
464 0 0 123 35 277 0 1 
464 1 469 171 59 155 0 0 
464 2 308 161 58 170 0 0 
464 3 391 166 53 163 0 0 
465 0 0 123 48 278 0 1 
465 1 470 171 59 155 0 0 
465 2 310 161 58 170 0 0 
465 3 390 165 54 165 0 0 
466 0 0 124 61 278 0 1 
466 1 470 171 59 155 0 0 
466 2 313 162 58 169 0 0 
466 3 389 165 54 167 0 0 
467 0 0 125 75 281 0 0 
467 1 470 171 59 156 0 0 
467 2 315 161 58 169 0 0 
467 3 388 164 55 169 0 0 
468 0 0 123 89 281 0 0 
468 1 470 171 59 156 0 0 
468 2 318 160 58 170 0 0 
468 3 388 164 55 171 0 0 
469 0 12 124 94 281 0 0 
469 1 470 171 59 156 0 0 
469 2 321 160 58 170 0 0 
469 3 386 162 55 176 0 0 
470 0 30 127 94 272 0 0 
470 1 470 170 59 158 0 0 
470 2 324 159 58 171 0 0 
470 3 384 160 56 182 0 0 
471 0 48 130 94 263 0 0 
471 1 470 170 59 158 0 0 
471 2 327 159 58 171 0 0 
471 3 382 159 57 186 0 0 
472 0 67 134 94 253 0 0 
472 1 470 170 59 158 0 0 
472 2 330 158 58 172 0 0 
472 3 380 157 58 192 0 0 
473 0 86 138 88 244 0 0 
473 1 471 170 59 159 0 0 
473 2 333 158 58 172 0 0 
473 3 378 155 59 197 0 0 
474 0 105 142 82 235 0 0 
474 1 471 170 59 159 0 0 
474 2 333 157 58 172 0 0 
474 3 377 154 59 202 0 0 
475 0 124 146 76 226 0 0 
475 1 471 170 59 159 0 0 
475 2 333 157 58 172 0 0 
475 3 375 152 60 207 0 0 
476 0 135 147 76 223 0 0 
476 1 471 170 59 159 0 0 
476 2 333 156 58 172 0 0 
476 3 373 151 61 212 0 0 
477 0 146 149 76 220 0 0 
477 1 471 169 59 161 0 0 
477 2 333 156 58 172 0 0 
477 3 371 149 61 218 0 0 
478 0 158 151 76 216 0 0 
478 1 471 169 59 161 0 0 
478 2 334 156 58 172 0 1 
478 3 369 147 62 223 0 0 
479 0 169 153 76 213 0 0 
479 1 471 169 59 161 0 0 
479 2 336 155 58 172 0 1 
479 3 368 146 62 228 0 0 
480 0 180 155 76 209 0 0 
480 1 471 169 59 162 0 0 
480 2 338 155 58 172 0 1 
480 3 366 144 63 233 0 0 
481 0 192 157 76 206 0 0 
481 1 471 169 59 162 0 0 
481 2 340 155 58 172 0 1 
481 3 364 142 64 239 0 0 
482 0 202 157 74 204 0 0 
482 1 472 169 59 162 0 0 
482 2 343 155 58 172 0 1 
482 3 362 141 65 243 0 0 
483 0 213 157 72 203 0 0 
483 1 472 169 59 162 0 0 
483 2 340 153 59 176 0 1 
483 3 360 139 66 249 0 0 
484 0 224 158 69 201 0 0 
484 1 472 168 59 164 0 0 
484 2 337 152 61 180 0 1 
484 3 359 138 66 254 0 0 
485 0 235 158 67 200 0 0 
485 1 472 168 59 164 0 0 
485 2 334 151 63 183 0 1 
485 3 352 135 70 261 0 0 
486 0 246 159 65 198 0 0 
486 1 472 168 59 164 0 0 
486 2 331 150 65 187 0 1 
486 3 345 132 74 268 0 0 
487 0 253 161 62 192 0 0 
487 1 472 168 59 165 0 0 
487 2 329 149 66 191 0 1 
487 3 338 129 78 276 0 0 
488 0 260 164 59 185 0 0 
488 1 472 168 59 165 0 0 
488 2 324 146 69 196 0 1 
488 3 331 127 82 282 0 0 
489 0 267 167 56 178 0 0 
489 1 472 168 59 165 0 0 
489 2 319 143 72 202 0 1 
489 3 324 124 86 290 0 0 
490 0 275 170 53 172 0 0 
490 1 473 168 59 166 0 0 
490 2 314 140 75 208 0 1 
490 3 318 121 90 297 0 0 
491 0 285 168 51 166 0 0 
491 1 472 167 59 168 0 0 
491 2 309 137 78 214 0 1 
491 3 311 118 94 305 0 0 
492 0 295 167 50 160 0 1 
492 1 471 167 59 169 0 0 
492 2 304 134 81 220 0 1 
492 3 304 116 98 311 0 0 
493 0 304 167 50 160 0 1 
493 1 471 166 59 171 0 0 
493 2 299 132 84 225 0 1 
493 3 297 113 102 319 0 0 
494 0 313 167 50 160 0 1 
494 1 470 166 59 172 0 0 
494 2 295 132 83 229 0 1 
494 3 290 110 106 326 0 0 
495 0 320 169 50 155 0 1 
495 1 470 166 59 173 0 0 
495 2 291 133 83 233 0 1 
495 3 284 108 110 333 0 0 
496 0 328 171 50 150 0 1 
496 1 468 165 59 175 0 0 
496 2 287 134 82 236 0 1 
496 3 273 102 113 352 0 0 
497 0 336 173 50 145 0 1 
497 1 466 164 60 177 0 0 
497 2 283 135 82 240 0 1 
497 3 262 97 116 370 0 0 
498 0 344 175 50 141 0 1 
498 1 464 164 61 178 0 0 
498 2 283 134 82 243 0 1 
498 3 251 92 119 388 0 0 
499 0 346 176 50 141 0 1 
499 1 462 163 62 180 0 0 
499 2 284 134 82 245 0 1 
499 3 240 87 123 406 0 0 
500 0 348 178 50 141 0 0 
500 1 461 162 62 182 0 0 
500 2 285 133 82 248 0 1 
500 3 229 82 126 424 0 0 
501 0 355 178 50 141 0 0 
501 1 459 162 63 183 0 0 
501 2 285 133 82 251 0 1 
501 3 218 76 129 443 0 0 
502 0 362 179 50 141 0 0 
502 1 457 161 63 186 0 0 
502 2 286 132 82 254 0 1 
502 3 207 71 133 461 0 0 
503 0 368 179 50 137 0 0 
503 1 455 160 64 188 0 0 
503 2 287 132 82 256 0 1 
503 3 196 66 136 479 0 0 
504 0 375 180 50 133 0 0 
504 1 453 160 65 189 0 0 
504 2 288 132 82 259 0 1 
504 3 185 61 139 497 0 0 
505 0 381 180 50 130 0 0 
505 1 452 159 65 191 0 0 
505 2 291 129 80 264 0 1 
505 3 175 56 142 516 0 0 
506 0 388 181 50 126 0 0 
506 1 450 159 66 192 0 0 
506 2 294 126 78 269 0 1 
506 3 157 50 149 524 0 0 
507 0 395 182 47 123 0 0 
507 1 448 158 67 194 0 0 
507 2 298 124 75 273 0 0 
507 3 140 44 155 533 0 0 
508 0 402 183 44 121 0 0 
508 1 446 157 67 197 0 0 
508 2 294 123 78 277 0 0 
508 3 122 39 162 541 0 0 
509 0 409 184 42 119 0 0 
509 1 444 157 68 198 0 0 
509 2 290 122 82 281 0 0 
509 3 105 33 169 549 0 0 
510 0 414 184 42 119 0 0 
510 1 443 156 68 200 0 0 
510 2 286 121 86 286 0 0 
510 3 87 28 176 557 0 0 
511 0 420 185 42 119 0 0 
511 1 441 155 69 202 0 0 
511 2 283 120 88 290 0 0 
511 3 70 22 182 566 0 0 
512 0 425 185 42 119 0 0 
512 1 439 155 70 203 0 0 
512 2 279 119 92 295 0 0 
512 3 52 16 190 574 0 0 
513 0 431 186 42 119 0 0 
513 1 437 154 71 205 0 0 
513 2 275 118 96 299 0 0 
513 3 35 11 196 582 0 0 
514 0 437 187 42 119 0 1 
514 1 436 154 71 207 0 0 
514 2 272 117 99 304 0 0 
514 3 17 5 203 591 0 0 
515 0 441 187 41 117 0 1 
515 1 432 154 69 205 0 0 
515 2 269 115 99 306 0 0 
515 3 0 0 210 599 0 0 
516 0 445 188 40 115 0 1 
516 1 428 154 68 204 0 0 
516 2 267 113 99 309 0 0 
516 3 0 0 199 599 0 0 
517 0 450 189 38 112 0 1 
517 1 424 155 66 202 0 0 
517 2 265 112 99 311 0 0 
517 3 0 1 188 598 0 0 
518 0 454 190 37 110 0 1 
518 1 420 155 65 201 0 0 
518 2 263 110 99 314 0 0 
518 3 0 0 186 599 0 0 
519 0 458 191 36 107 0 1 
519 1 416 155 64 199 0 0 
519 2 261 109 99 316 0 0 
519 3 0 0 184 599 0 0 
520 0 463 192 34 105 0 0 
520 1 412 156 62 197 0 0 
520 2 262 109 99 315 0 0 
520 3 0 0 182 599 0 0 
521 0 466 192 34 105 0 0 
521 1 408 156 61 196 0 0 
521 2 263 109 100 314 0 0 
521 3 0 0 180 599 0 0 
522 0 469 193 34 105 0 0 
522 1 405 157 59 194 0 0 
522 2 264 109 101 314 0 0 
522 3 0 0 178 599 0 0 
523 0 470 193 36 104 0 0 
523 1 401 157 59 192 0 0 
523 2 265 109 101 313 0 0 
523 3 0 0 176 599 0 0 
524 0 472 193 37 103 0 0 
524 1 397 157 59 191 0 0 
524 2 266 109 102 312 0 0 
524 3 0 0 174 599 0 0 
525 0 474 194 38 102 0 0 
525 1 393 157 59 190 0 0 
525 2 268 109 102 312 0 0 
525 3 0 0 172 599 0 0 
526 0 476 195 38 99 0 0 
526 1 389 157 59 189 0 0 
526 2 269 109 102 311 0 0 
526 3 0 0 170 599 0 0 
527 0 478 197 38 96 0 0 
527 1 385 158 59 187 0 0 
527 2 270 109 103 310 0 0 
527 3 0 0 168 599 0 0 
528 0 480 197 36 95 0 0 
528 1 380 158 59 187 0 0 
528 2 271 109 104 310 0 0 
528 3 0 0 166 599 0 0 
529 0 482 197 35 94 0 0 
529 1 376 158 59 187 0 0 
529 2 272 109 104 309 0 0 
529 3 0 0 164 599 0 0 
530 0 484 198 33 92 0 0 
530 1 372 158 59 187 0 0 
530 2 273 109 105 308 0 0 
530 3 0 0 162 599 0 0 
531 0 486 198 32 91 0 0 
531 1 368 158 59 187 0 0 
531 2 275 109 105 308 0 0 
531 3 0 0 161 599 0 0 
532 0 489 199 30 89 0 0 
532 1 364 158 59 187 0 0 
532 2 276 109 105 307 0 0 
532 3 0 0 162 599 0 0 
533 0 489 199 30 89 0 0 
533 1 360 159 59 187 0 0 
533 2 277 109 106 306 0 0 
533 3 0 0 163 599 0 0 
534 0 489 199 30 89 0 0 
534 1 354 158 59 187 0 0 
534 2 278 109 107 306 0 0 
534 3 0 0 164 599 0 0 
535 0 489 199 30 89 0 0 
535 1 348 158 59 187 0 1 
535 2 279 109 107 305 0 0 
535 3 0 0 165 599 0 0 
536 0 489 199 30 89 0 0 
536 1 342 157 59 187 0 1 
536 2 280 109 108 304 0 0 
536 3 0 0 167 599 0 0 
537 0 489 199 30 89 0 0 
537 1 337 157 59 187 0 1 
537 2 282 109 108 304 0 0 
537 3 0 0 168 599 0 0 
538 0 489 199 30 89 0 0 
538 1 331 156 59 187 0 1 
538 2 288 109 108 304 0 0 
538 3 0 0 169 599 0 0 
539 0 489 199 30 89 0 0 
539 1 326 156 59 187 0 1 
539 2 294 109 108 304 0 0 
539 3 0 0 170 599 0 0 
540 0 489 199 30 89 0 0 
540 1 319 155 61 191 0 1 
540 2 301 109 108 304 0 0 
540 3 0 0 171 599 0 0 
541 0 489 199 30 89 0 0 
541 1 313 155 62 195 0 1 
541 2 307 109 108 304 0 0 
541 3 0 0 173 599 0 0 
542 0 489 199 30 89 0 0 
542 1 307 155 63 198 0 1 
542 2 313 109 108 304 0 0 
542 3 0 0 174 599 0 0 
543 0 489 199 30 89 0 0 
543 1 301 154 64 203 0 1 
543 2 320 109 108 304 0 0 
543 3 0 0 175 599 0 0 
544 0 489 199 30 89 0 0 
544 1 295 154 65 206 0 1 
544 2 326 109 108 304 0 0 
544 3 0 0 176 599 0 0 
545 0 489 199 30 89 0 0 
545 1 289 154 66 210 0 1 
545 2 332 109 108 304 0 0 
545 3 0 0 177 599 0 0 
546 0 489 199 30 89 0 0 
546 1 289 154 66 210 0 0 
546 2 339 109 108 304 0 0 
546 3 0 0 179 599 0 0 
547 0 489 199 30 89 0 0 
547 1 285 152 67 214 0 0 
547 2 347 108 106 305 0 0 
547 3 0 0 180 599 0 0 
548 0 489 199 30 89 0 0 
548 1 282 150 67 218 0 0 
548 2 355 107 104 307 0 0 
548 3 0 0 181 599 0 0 
549 0 489 199 30 89 0 0 
549 1 278 148 68 223 0 0 
549 2 364 106 101 309 0 0 
549 3 0 0 182 599 0 0 
550 0 489 199 30 89 0 0 
550 1 275 146 68 227 0 0 
550 2 372 106 99 310 0 0 
550 3 0 0 183 599 0 0 
551 0 489 199 30 89 0 0 
551 1 272 144 69 232 0 0 
551 2 380 105 97 312 0 0 
551 3 0 0 185 599 0 0 
552 0 489 199 30 89 0 0 
552 1 268 142 71 240 0 0 
552 2 389 104 94 314 0 0 
552 3 0 0 186 599 0 0 
553 0 489 199 30 89 0 0 
553 1 264 141 74 248 0 0 
553 2 397 103 92 316 0 0 
553 3 0 0 187 599 0 0 
554 0 489 199 30 89 0 0 
554 1 261 140 75 255 0 0 
554 2 406 103 89 317 0 0 
554 3 0 0 188 599 0 0 
555 0 489 199 30 89 0 0 
555 1 257 139 78 263 0 0 
555 2 412 103 90 318 0 0 
555 3 0 0 189 599 0 0 
556 0 489 199 30 89 0 0 
556 1 253 138 80 270 0 0 
556 2 419 103 91 320 0 0 
556 3 0 0 191 599 0 0 
557 0 489 199 30 89 0 0 
557 1 250 137 82 278 0 0 
557 2 425 104 93 321 0 0 
557 3 0 0 192 599 0 0 
558 0 489 199 30 89 0 0 
558 1 246 134 82 280 0 0 
558 2 432 104 93 323 0 0 
558 3 0 0 193 599 0 0 
559 0 489 199 30 89 0 1 
559 1 242 132 82 281 0 0 
559 2 438 105 95 324 0 0 
559 3 0 0 194 599 0 0 
560 0 487 199 31 90 0 1 
560 1 238 129 82 283 0 0 
560 2 445 105 96 326 0 0 
560 3 0 0 195 599 0 0 
561 0 486 199 32 92 0 1 
561 1 235 127 82 284 0 0 
561 2 451 105 97 328 0 0 
561 3 0 0 197 599 0 0 
562 0 484 199 34 94 0 1 
562 1 233 125 84 287 0 0 
562 2 458 106 98 329 0 0 
562 3 0 0 198 599 0 0 
563 0 483 199 34 95 0 1 
563 1 231 124 86 289 0 0 
563 2 464 106 100 331 0 0 
563 3 0 0 199 599 0 0 
564 0 481 199 36 97 0 1 
564 1 229 122 88 292 0 0 
564 2 471 107 101 332 0 0 
564 3 0 0 200 599 0 0 
565 0 480 199 37 99 0 1 
565 1 227 121 90 294 0 0 
565 2 479 103 103 338 0 0 
565 3 0 0 201 599 0 0 
566 0 480 188 37 110 0 1 
566 1 226 120 92 297 0 0 
566 2 488 99 105 344 0 0 
566 3 0 0 203 599 0 0 
567 0 472 188 37 112 0 1 
567 1 224 120 93 298 0 0 
567 2 497 95 106 350 0 0 
567 3 0 0 204 599 0 0 
568 0 472 188 37 112 0 0 
568 1 223 120 94 299 0 0 
568 2 506 91 108 356 0 0 
568 3 0 0 205 599 0 0 
569 0 468 188 38 114 0 0 
569 1 221 120 95 300 0 0 
569 2 515 87 109 362 0 0 
569 3 0 0 206 599 0 0 
570 0 464 188 40 117 0 0 
570 1 220 120 96 301 0 0 
570 2 524 84 111 367 0 0 
570 3 0 0 207 599 0 0 
571 0 460 188 42 120 0 0 
571 1 218 120 98 303 0 0 
571 2 533 80 112 373 0 0 
571 3 0 0 209 599 0 0 
572 0 457 188 43 123 0 0 
572 1 217 120 98 304 0 0 
572 2 542 76 114 379 0 0 
572 3 0 0 210 599 0 0 
573 0 452 186 45 127 0 0 
573 1 215 120 100 305 0 0 
573 2 551 72 115 385 0 0 
573 3 0 0 211 599 0 0 
574 0 448 185 46 130 0 0 
574 1 214 120 100 306 0 0 
574 2 560 68 117 391 0 0 
574 3 0 0 212 599 0 0 
575 0 444 184 48 133 0 0 
575 1 212 120 102 307 0 0 
575 2 569 65 119 397 0 0 
575 3 0 0 213 599 0 0 
576 0 439 182 50 137 0 0 
576 1 211 120 103 309 0 0 
576 2 587 59 123 411 0 0 
576 3 0 0 215 599 0 0 
577 0 435 181 52 140 0 0 
577 1 203 117 105 312 0 0 
577 2 605 54 127 425 0 0 
577 3 0 0 216 599 0 0 
578 0 431 180 53 143 0 0 
578 1 195 115 108 315 0 0 
578 2 623 48 131 440 0 0 
578 3 0 0 217 599 0 0 
579 0 427 179 55 147 0 0 
579 1 187 113 110 317 0 0 
579 2 641 43 135 454 0 0 
579 3 0 0 218 599 0 0 
580 0 417 178 58 150 0 0 
580 1 179 111 113 320 0 0 
580 2 660 38 138 468 0 0 
580 3 0 0 219 599 0 0 
581 0 408 177 60 154 0 0 
581 1 168 108 108 326 0 0 
581 2 676 40 122 468 0 0 
581 3 0 0 221 599 0 0 
582 0 399 176 63 158 0 0 
582 1 157 105 103 332 0 0 
582 2 692 42 107 468 0 1 
582 3 0 0 222 599 0 0 
583 0 389 175 66 161 0 0 
583 1 147 103 97 338 0 0 
583 2 713 46 86 491 0 1 
583 3 0 0 223 599 0 0 
584 0 380 174 68 165 0 0 
584 1 135 104 97 338 0 0 
584 2 734 51 65 513 1 1 
584 3 0 0 224 599 0 0 
585 0 371 173 71 169 0 0 
585 1 124 105 97 338 0 1 
585 2 757 53 42 513 1 1 
585 3 0 0 225 599 0 0 
586 0 361 172 71 170 0 0 
586 1 111 103 97 338 0 1 
586 2 781 55 18 513 1 1 
586 3 0 0 227 599 0 0 
587 0 351 171 71 171 0 0 
587 1 99 101 97 338 0 1 
587 2 781 55 18 513 1 1 
587 3 0 0 228 599 0 0 
588 0 342 170 71 173 0 0 
588 1 87 100 97 338 0 1 
588 2 781 55 18 513 1 1 
588 3 0 0 229 599 0 0 
589 0 332 169 71 174 0 0 
589 1 74 97 97 338 0 1 
589 2 781 55 18 513 1 1 
589 3 0 0 230 599 0 0 
590 0 322 168 71 175 0 0 
590 1 57 99 97 338 0 1 
590 2 781 55 18 513 1 1 
590 3 0 0 232 599 0 0 
591 0 313 167 71 177 0 0 
591 1 45 98 97 338 0 1 
591 2 781 55 18 513 1 1 
591 3 2 0 236 599 0 0 
592 0 299 165 69 182 0 0 
592 1 33 97 97 338 0 1 
592 2 781 55 18 513 1 1 
592 3 4 0 240 599 0 0 
593 0 286 163 67 188 0 0 
593 1 9 96 96 346 0 1 
593 2 781 55 18 513 1 1 
593 3 6 0 244 599 0 0 
594 0 273 161 65 194 0 0 
594 1 4 96 95 355 0 1 
594 2 781 55 18 513 1 1 
594 3 9 0 247 599 0 0 
595 0 260 159 63 200 0 0 
595 1 0 97 94 364 0 1 
595 2 781 55 18 513 1 1 
595 3 36 11 230 588 0 0 
596 0 251 159 63 200 0 0 
596 1 0 103 93 356 0 1 
596 2 781 55 18 513 1 1 
596 3 63 23 213 576 0 0 
597 0 243 159 63 200 0 0 
597 1 0 102 86 356 0 1 
597 2 781 55 18 513 1 1 
597 3 90 34 197 565 0 0 
598 0 236 159 70 200 0 0 
598 1 0 101 79 356 0 1 
598 2 781 55 18 513 1 1 
598 3 117 46 180 553 0 0 
599 0 209 161 70 200 0 1 
599 1 0 101 72 356 0 1 
599 2 781 55 18 513 1 1 
599 3 144 58 164 541 0 0 
600 0 197 158 70 205 0 1 
600 1 0 99 61 356 0 1 
600 2 781 55 18 513 1 1 
600 3 150 65 179 520 0 0 
601 0 185 155 70 210 0 1 
601 1 0 98 50 356 0 1 
601 2 781 55 18 513 1 1 
601 3 156 73 194 498 0 0 
602 0 174 152 70 215 0 0 
602 1 0 96 35 356 0 1 
602 2 781 55 18 513 1 1 
602 3 162 81 210 476 0 0 
603 0 158 151 70 221 0 0 
603 1 0 95 21 356 1 1 
603 2 781 55 18 513 1 1 
603 3 186 84 190 453 0 0 
604 0 137 150 77 223 0 0 
604 1 0 95 21 356 1 0 
604 2 781 55 18 513 1 1 
604 3 211 87 170 430 0 0 
605 0 116 150 84 225 0 0 
605 1 0 95 21 356 1 0 
605 2 781 55 18 513 1 1 
605 3 235 91 150 406 0 0 
606 0 100 148 84 227 0 0 
606 1 0 95 21 356 1 0 
606 2 781 55 18 513 1 1 
606 3 260 94 130 383 0 0 
607 0 84 146 85 229 0 0 
607 1 0 95 21 356 1 0 
607 2 781 55 18 513 1 1 
607 3 285 98 110 359 0 0 
608 0 68 144 85 231 0 0 
608 1 0 95 21 356 1 0 
608 2 781 55 18 513 1 1 
608 3 299 98 106 359 0 0 
609 0 53 142 85 234 0 0 
609 1 0 95 21 356 1 0 
609 2 781 55 18 513 1 1 
609 3 313 98 103 359 0 0 
610 0 39 141 85 233 0 0 
610 1 0 95 21 356 1 0 
610 2 781 55 18 513 1 1 
610 3 328 99 99 359 0 0 
611 0 26 140 85 232 0 0 
611 1 0 95 21 356 1 0 
611 2 781 55 18 513 1 1 
611 3 332 100 99 354 0 0 
612 0 13 139 85 231 0 0 
612 1 0 95 21 356 1 0 
612 2 781 55 18 513 1 1 
612 3 337 101 99 350 0 0 
613 0 0 139 85 229 0 0 
613 1 0 95 21 356 1 0 
613 2 781 55 18 513 1 1 
613 3 341 102 99 345 0 0 
614 0 0 138 71 229 0 0 
614 1 0 95 21 356 1 0 
614 2 781 55 18 513 1 1 
614 3 346 103 99 341 0 0 
615 0 0 138 57 229 0 0 
615 1 0 95 21 356 1 0 
615 2 781 55 18 513 1 1 
615 3 350 104 99 336 0 0 
616 0 0 138 43 229 0 1 
616 1 0 95 21 356 1 0 
616 2 781 55 18 513 1 1 
616 3 355 105 99 332 0 0 
617 0 0 138 34 229 0 1 
617 1 0 95 21 356 1 0 
617 2 781 55 18 513 1 1 
617 3 355 104 99 333 0 0 
618 0 0 139 26 229 0 1 
618 1 0 95 21 356 1 0 
618 2 781 55 18 513 1 1 
618 3 355 104 99 333 0 0 
619 0 0 140 18 229 1 1 
619 1 0 95 21 356 1 0 
619 2 781 55 18 513 1 1 
619 3 355 103 100 334 0 0 
620 0 0 140 18 229 1 0 
620 1 0 95 21 356 1 0 
620 2 781 55 18 513 1 1 
620 3 355 103 100 335 0 0 
621 0 0 140 18 229 1 0 
621 1 0 95 21 356 1 0 
621 2 781 55 18 513 1 1 
621 3 355 103 100 335 0 0 
622 0 0 140 18 229 1 0 
622 1 0 95 21 356 1 0 
622 2 781 55 18 513 1 1 
622 3 355 102 101 336 0 0 
623 0 0 140 18 229 1 0 
623 1 0 95 21 356 1 0 
623 2 781 55 18 513 1 1 
623 3 355 102 101 336 0 0 
624 0 0 140 18 229 1 0 
624 1 0 95 21 356 1 0 
624 2 781 55 18 513 1 1 
624 3 355 102 102 337 0 0 
625 0 0 140 18 229 1 0 
625 1 0 95 21 356 1 0 
625 2 781 55 18 513 1 1 
625 3 354 99 112 348 0 0 
626 0 0 140 18 229 1 0 
626 1 0 95 21 356 1 0 
626 2 781 55 18 513 1 1 
626 3 353 96 122 360 0 0 
627 0 0 140 18 229 1 0 
627 1 0 95 21 356 1 0 
627 2 781 55 18 513 1 1 
627 3 358 92 128 375 0 0 
628 0 0 140 18 229 1 0 
628 1 0 95 21 356 1 0 
628 2 781 55 18 513 1 1 
628 3 364 89 133 390 0 0 
