32 0 5 120 48 240
33 0 2 123 63 241
34 0 3 137 64 244
35 0 5 137 93 237
36 0 4 139 108 237
37 0 0 127 128 242
38 0 0 128 140 243
39 0 9 132 158 247
40 0 23 138 147 238
41 0 32 133 150 253
42 0 42 129 145 260
43 0 68 131 124 253
44 0 85 135 102 242
45 0 108 132 80 251
46 0 113 135 97 244
47 0 121 139 110 240
48 0 118 137 140 245
49 0 124 139 143 244
50 0 120 147 150 227
51 0 147 145 143 226
52 0 172 152 123 207
53 0 216 148 87 212
54 0 224 150 78 211
55 0 239 151 77 210
56 0 238 152 99 209
57 0 245 159 110 202
58 0 248 161 121 200
59 0 252 166 121 189
60 0 285 162 85 196
61 0 323 151 50 212
62 0 322 151 53 214
63 0 327 153 65 208
64 0 327 154 83 204
65 0 338 150 95 212
66 0 335 149 103 215
67 0 330 159 120 200
68 0 342 158 110 198
69 0 368 155 75 200
70 0 394 144 61 202
71 0 404 148 65 201
72 0 409 149 69 200
73 0 409 149 87 200
74 0 412 158 93 196
75 0 415 160 103 194
76 0 417 162 100 191
77 0 438 158 74 197
78 0 452 150 60 212
79 0 460 147 52 206
80 0 469 147 50 206
81 0 472 150 59 208
82 0 468 155 85 198
83 0 475 153 76 203
84 0 477 152 73 206
85 0 482 148 79 201
86 0 490 151 86 195
87 0 497 151 83 207
88 0 497 150 89 208
89 0 500 148 84 201
90 0 502 152 73 205
91 0 500 151 70 208
92 0 498 150 68 211
93 0 497 150 66 211
94 0 495 147 64 217
95 0 491 144 64 222
96 0 487 146 62 219
97 0 485 149 65 212
98 0 482 148 69 213
99 0 479 149 66 211
100 0 478 148 63 213
101 0 475 148 66 213
102 0 467 151 69 205
103 0 469 150 65 211
104 0 472 149 57 216
105 0 467 151 60 215
106 0 465 150 58 217
107 0 462 149 57 220
108 0 460 146 58 225
109 0 459 144 55 231
110 0 454 140 57 237
111 0 453 140 57 237
112 0 447 141 62 231
113 0 440 142 67 226
114 0 437 142 70 226
115 0 434 143 69 224
116 0 433 142 67 226
117 0 416 148 83 214
118 0 410 144 91 224
119 0 404 144 98 225
120 0 404 143 92 227
121 0 402 146 87 222
122 0 397 146 89 220
123 0 396 144 82 226
124 0 390 144 84 223
125 0 387 142 87 227
126 0 390 140 79 230
127 0 393 137 63 238
128 0 379 136 71 237
129 0 374 133 71 249
130 0 366 135 75 252
131 0 360 143 77 235
132 0 360 147 74 228
133 0 357 145 74 231
134 0 356 141 72 235
135 0 354 138 73 239
136 0 352 135 72 244
137 0 330 130 87 249
138 0 330 128 88 253
139 0 325 126 92 257
140 0 319 127 99 257
141 0 312 126 107 270
142 0 312 127 94 272
143 0 302 123 100 277
144 0 299 125 98 270
145 0 299 124 94 274
146 0 299 122 89 279
147 0 299 118 88 288
148 0 298 116 85 290
149 0 290 129 90 267
150 0 288 131 93 263
151 0 289 129 92 266
152 0 298 111 88 299
153 0 299 109 87 300
154 0 300 109 86 299
155 0 300 109 89 302
156 0 300 107 90 306
157 0 301 108 90 303
158 0 300 110 91 299
159 0 300 110 91 296
160 0 300 110 92 297
161 0 301 109 90 300
162 0 301 107 91 303
163 0 302 107 89 303
164 0 3 105 56 266
164 1 302 106 90 306
165 0 3 107 69 275
165 1 303 106 88 306
166 0 5 113 65 264
166 1 303 107 88 304
167 0 2 121 71 249
167 1 301 105 90 308
168 0 10 108 92 277
168 1 71 188 49 141
168 2 300 105 91 308
169 0 3 109 141 279
169 1 299 105 91 309
170 0 4 115 145 264
170 1 298 102 89 313
171 0 37 107 131 273
171 1 297 102 88 314
172 0 33 110 162 264
172 1 286 113 98 294
173 0 44 141 151 238
173 1 284 110 99 298
174 0 65 123 148 247
174 1 284 106 99 307
175 0 103 119 113 254
175 1 283 104 98 310
176 0 132 114 87 250
176 1 284 103 96 314
177 0 145 116 84 249
177 1 286 99 92 323
178 0 154 114 89 247
178 1 280 102 100 316
179 0 157 120 96 238
179 1 276 100 107 321
180 0 179 131 101 232
180 1 278 103 101 311
181 0 278 100 100 318
181 1 172 227 113 137
182 0 270 109 113 301
183 0 230 136 58 213
183 1 281 118 102 288
184 0 246 131 54 222
184 1 268 111 117 301
185 0 254 128 48 231
185 1 278 123 104 277
186 0 298 115 84 293
186 1 270 236 37 107
187 0 297 107 88 304
188 0 294 100 94 318
189 0 298 98 90 320
190 0 303 102 88 317
191 0 305 105 84 310
192 0 371 131 50 206
192 1 305 109 83 303
193 0 373 132 49 206
193 1 304 105 90 311
194 0 363 143 77 193
194 1 300 116 103 298
195 0 368 139 87 209
195 1 304 107 91 309
196 0 387 147 78 194
196 1 309 104 91 311
197 0 392 145 68 198
197 1 311 113 91 296
198 0 397 144 62 198
198 1 312 116 92 292
199 0 407 143 55 188
199 1 317 117 87 290
200 0 426 144 59 199
200 1 319 122 82 284
201 0 430 143 74 206
201 1 324 123 78 284
202 0 443 143 78 210
202 1 331 126 73 279
203 0 444 148 93 202
203 1 332 125 73 283
204 0 343 120 80 290
204 1 440 164 111 193
205 0 342 118 88 292
205 1 445 230 114 126
206 0 485 141 66 211
206 1 345 121 92 282
207 0 497 139 60 218
207 1 346 122 99 283
208 0 514 139 56 217
208 1 346 113 100 298
209 0 516 140 76 218
209 1 349 111 95 300
210 0 512 144 105 208
210 1 350 111 100 300
211 0 522 143 106 214
211 1 348 107 113 308
212 0 356 104 106 312
212 1 524 160 112 192
213 0 386 107 80 310
213 1 538 156 95 198
214 0 562 147 79 203
214 1 396 105 73 316
215 0 580 144 67 208
215 1 400 108 69 310
216 0 588 145 71 206
216 1 404 109 74 308
217 0 586 144 110 206
217 1 404 103 90 317
218 0 592 140 119 216
218 1 409 105 91 314
219 0 596 146 122 207
219 1 410 103 91 319
220 0 408 114 103 299
220 1 603 160 119 196
221 0 621 142 93 213
221 1 425 123 89 283
222 0 641 141 95 214
222 1 427 121 93 288
223 0 655 141 93 214
223 1 427 117 98 286
224 0 662 137 97 223
224 1 429 123 100 271
225 0 672 143 109 210
225 1 432 125 96 263
226 0 675 145 109 208
226 1 437 123 87 268
227 0 685 150 101 199
227 1 443 124 79 267
228 0 449 128 70 260
228 1 691 162 108 190
229 0 714 147 80 203
229 1 449 122 67 273
230 0 726 146 70 204
230 1 450 125 63 269
231 0 732 142 62 207
231 1 446 126 64 268
232 0 738 138 57 220
232 1 445 131 67 257
233 0 742 139 55 219
233 1 447 131 65 255
234 0 446 132 63 256
234 1 747 165 52 191
235 0 443 137 63 249
235 1 750 167 49 188
236 0 444 138 59 250
236 1 753 176 46 182
237 0 445 143 53 245
238 0 444 141 54 245
239 0 442 146 54 230
240 0 438 143 58 227
241 0 436 148 60 220
242 0 414 154 88 204
243 0 411 152 90 207
244 0 406 154 95 205
245 0 405 154 94 207
246 0 403 153 99 210
247 0 403 152 95 209
248 0 398 152 92 208
249 0 395 150 92 212
250 0 391 148 85 214
251 0 389 143 74 221
252 0 376 144 75 210
253 0 378 145 63 209
254 0 373 144 64 211
255 0 363 145 73 208
256 0 361 152 78 208
257 0 356 153 82 206
258 0 355 151 82 208
259 0 353 151 81 207
260 0 354 151 75 197
261 0 352 150 71 208
262 0 354 150 64 208
263 0 352 150 66 207
264 0 353 148 64 212
265 0 350 148 67 212
266 0 351 148 65 214
267 0 351 147 66 217
268 0 352 146 65 218
269 0 352 145 65 220
270 0 353 145 66 220
271 0 353 146 69 218
272 0 354 146 69 217
273 0 355 146 70 217
274 0 356 143 71 223
275 0 354 143 77 223
276 0 354 143 77 223
277 0 356 143 75 224
278 0 358 143 71 225
279 0 361 144 68 224
280 0 363 140 65 233
281 0 364 141 65 236
282 0 365 142 63 237
283 0 366 138 63 244
284 0 364 137 66 245
285 0 364 133 68 251
286 0 363 133 69 250
287 0 362 130 71 254
288 0 359 135 74 243
289 0 358 135 78 245
290 0 358 133 82 249
291 0 359 128 86 261
292 0 359 124 88 270
293 0 360 122 88 275
294 0 364 120 85 278
295 0 367 120 81 278
296 0 367 120 82 277
297 0 367 119 83 278
298 0 366 119 85 277
299 0 367 120 83 275
300 0 367 120 83 274
301 0 368 119 82 277
302 0 368 121 83 273
303 0 368 121 84 275
304 0 368 121 85 274
305 0 370 121 83 275
306 0 370 120 85 276
307 0 370 120 85 277
308 0 370 120 85 277
309 0 370 120 85 277
310 0 371 120 83 276
311 0 749 121 50 188
311 1 371 122 84 273
312 0 751 121 48 227
312 1 371 123 83 270
313 0 748 122 50 236
313 1 370 122 84 271
314 0 741 122 55 227
314 1 370 120 83 276
315 0 740 121 59 247
315 1 371 119 83 277
316 0 738 128 58 232
316 1 371 120 83 276
317 0 730 128 64 223
317 1 370 119 83 277
318 0 723 129 74 231
318 1 369 118 84 278
319 0 708 122 90 245
319 1 368 118 83 278
320 0 701 122 98 245
320 1 368 118 82 278
321 0 0 104 51 269
321 1 689 120 110 250
321 2 367 118 82 278
322 0 0 100 60 274
322 1 678 118 120 247
322 2 367 118 81 278
323 0 2 98 63 269
323 1 649 117 146 256
323 2 367 118 81 279
324 0 0 95 62 278
324 1 643 121 153 249
324 2 366 119 82 278
325 0 0 98 64 279
325 1 366 119 82 278
325 2 629 129 161 275
326 0 0 97 74 275
326 1 367 119 80 278
326 2 636 119 152 290
327 0 0 94 96 338
327 1 366 122 81 273
327 2 655 103 129 321
328 0 0 81 97 375
328 1 366 123 82 272
328 2 642 106 130 314
329 0 1 99 109 353
329 1 367 121 83 274
329 2 638 105 122 313
330 0 2 89 117 377
330 1 367 121 83 274
330 2 626 115 129 302
331 0 0 93 130 371
331 1 368 123 83 270
331 2 612 115 141 317
332 0 0 90 136 376
332 1 368 124 83 269
332 2 582 115 165 313
333 0 0 88 147 380
333 1 369 122 82 273
333 2 572 124 163 302
334 0 1 82 156 394
334 1 369 122 82 272
334 2 564 112 165 320
335 0 2 93 171 366
335 1 369 123 81 271
335 2 560 118 154 303
336 0 14 85 163 382
336 1 370 123 80 271
336 2 549 97 143 330
337 0 371 123 79 270
337 1 541 106 138 328
337 2 24 90 156 406
338 0 370 120 81 275
338 1 529 103 142 338
338 2 36 102 152 387
339 0 370 122 80 272
339 1 517 108 148 318
339 2 52 79 155 430
340 0 369 124 80 271
340 1 496 102 147 343
340 2 59 80 155 426
341 0 368 125 81 270
341 1 479 101 146 346
341 2 74 73 147 443
342 0 369 124 78 272
342 1 483 80 131 386
342 2 87 81 142 431
343 0 368 134 82 252
343 1 470 81 134 374
343 2 108 84 136 422
344 0 368 136 82 253
344 1 459 69 123 405
344 2 127 82 119 426
345 0 371 128 79 269
345 1 450 60 118 416
345 2 126 90 140 425
346 0 373 135 77 260
346 1 436 80 109 387
346 2 137 114 133 376
347 0 369 133 76 263
347 1 421 67 107 404
347 2 139 122 185 399
348 0 374 132 65 270
348 1 417 71 100 403
348 2 151 75 184 444
349 0 362 105 138 342
349 1 178 72 178 467
350 0 356 97 151 351
350 1 241 40 130 530
351 0 365 87 128 373
351 1 254 72 124 459
352 0 350 74 112 386
352 1 255 63 129 469
353 0 397 128 57 223
353 1 269 78 193 446
354 0 408 120 46 243
354 1 323 73 127 462
355 0 320 93 137 427
356 0 279 96 96 340
356 1 314 106 183 402
357 0 244 96 135 334
357 1 344 89 185 432
358 0 384 98 103 282
358 1 220 107 162 309
359 0 373 123 74 279
359 1 346 117 193 372
359 2 212 242 147 171
360 0 214 111 147 300
360 1 371 127 70 264
360 2 425 50 135 494
361 0 211 108 140 301
361 1 371 124 82 270
361 2 452 69 136 460
362 0 207 119 125 286
362 1 371 128 79 266
362 2 457 38 145 516
363 0 207 129 111 263
363 1 371 126 80 266
363 2 484 65 141 459
364 0 189 120 111 282
364 1 370 121 81 274
364 2 501 90 128 419
365 0 174 106 114 306
365 1 370 120 80 276
365 2 505 92 143 423
366 0 160 97 122 328
366 1 369 121 81 275
366 2 509 85 180 427
367 0 141 114 129 301
367 1 368 120 82 276
367 2 527 98 178 405
368 0 140 121 125 281
368 1 365 121 84 273
368 2 526 115 195 382
369 0 134 132 125 260
369 1 365 120 82 275
369 2 563 100 168 413
370 0 132 124 106 265
370 1 363 120 84 275
370 2 576 108 173 391
371 0 130 109 93 270
371 1 361 119 86 276
371 2 601 103 161 388
372 0 129 113 92 246
372 1 361 118 83 278
372 2 612 105 160 398
373 0 93 109 121 272
373 1 361 120 81 271
373 2 617 106 161 394
374 0 63 116 148 261
374 1 361 120 77 271
374 2 616 106 175 381
375 0 31 112 168 269
375 1 360 123 75 263
375 2 627 121 161 349
376 0 42 117 147 259
376 1 360 124 73 262
376 2 640 118 159 355
377 0 44 109 137 275
377 1 363 125 66 259
377 2 643 114 154 360
378 0 30 102 148 290
378 1 366 125 60 262
378 2 657 110 136 322
379 0 29 100 125 292
379 1 369 130 53 256
379 2 670 111 124 309
380 0 9 100 133 300
380 1 681 116 116 260
380 2 372 133 51 256
381 0 3 94 132 307
381 1 689 121 110 243
381 2 372 136 52 254
382 0 0 99 131 298
382 1 692 119 107 241
382 2 374 141 52 251
383 0 0 102 123 292
383 1 694 120 105 232
383 2 373 147 53 244
384 0 0 104 108 289
384 1 698 123 100 231
384 2 374 144 56 240
385 0 709 127 86 226
385 1 0 124 80 268
385 2 374 146 60 230
386 0 710 130 86 225
386 1 0 122 80 269
386 2 376 147 57 220
387 0 1 102 69 283
387 1 712 132 84 222
387 2 376 150 61 211
388 0 1 98 61 282
388 1 714 130 81 228
388 2 376 153 64 203
389 0 3 103 57 257
389 1 721 129 78 232
389 2 380 152 60 205
390 0 4 106 51 261
390 1 721 130 78 230
390 2 380 154 60 204
391 0 5 99 38 281
391 1 722 132 76 229
391 2 383 156 57 198
392 0 725 137 71 220
392 1 387 157 52 196
393 0 725 139 71 216
393 1 390 157 50 193
394 0 724 137 74 220
394 1 389 163 51 180
395 0 396 156 58 185
395 1 726 136 71 226
396 0 402 156 52 184
396 1 725 138 73 222
397 0 407 158 49 177
397 1 726 139 71 220
398 0 410 157 47 178
398 1 723 151 76 208
399 0 413 158 39 174
399 1 721 144 78 209
400 0 414 161 37 171
400 1 723 146 73 203
401 0 415 161 36 172
401 1 715 157 78 186
402 0 415 163 43 167
402 1 704 163 93 196
403 0 415 160 42 171
403 1 695 163 97 190
404 0 413 161 46 167
404 1 686 161 92 189
405 0 409 160 51 164
405 1 685 164 81 187
406 0 407 160 51 163
406 1 678 167 67 177
407 0 408 159 51 166
407 1 667 163 71 185
408 0 407 159 52 166
408 1 654 158 74 185
409 0 408 160 48 165
409 1 657 166 72 181
410 0 408 163 46 159
410 1 643 177 82 162
411 0 407 163 43 161
411 1 639 176 81 162
412 0 407 165 42 157
412 1 635 179 65 153
413 0 406 166 41 155
413 1 629 181 66 152
414 0 407 167 39 153
414 1 622 182 73 150
415 0 406 165 40 155
415 1 611 163 61 165
416 0 407 165 39 155
416 1 609 171 51 150
417 0 408 165 39 154
417 1 603 166 48 157
418 0 408 166 40 153
418 1 597 167 54 163
419 0 408 164 40 157
419 1 591 169 60 161
420 0 408 164 40 158
420 1 588 177 62 154
421 0 408 164 42 157
421 1 584 171 48 154
422 0 408 165 42 156
422 1 574 169 59 160
423 0 0 79 74 314
423 1 409 164 41 157
423 2 569 168 55 162
424 0 3 78 82 317
424 1 409 164 41 157
424 2 565 168 56 162
425 0 0 77 90 334
425 1 409 165 41 156
425 2 564 166 55 164
426 0 410 164 40 157
426 1 556 170 57 157
426 2 0 96 98 332
427 0 409 166 42 154
427 1 547 170 61 157
427 2 3 101 91 316
428 0 410 166 41 154
428 1 541 170 61 158
428 2 5 96 90 322
429 0 409 164 42 158
429 1 531 172 68 155
429 2 1 91 104 337
430 0 409 164 42 159
430 1 528 171 66 157
430 2 0 91 113 340
431 0 408 164 42 159
431 1 524 171 66 154
431 2 13 113 114 296
432 0 36 103 116 286
432 1 408 164 43 159
432 2 525 171 54 150
433 0 407 164 45 158
433 1 524 167 49 153
433 2 32 117 139 287
434 0 406 164 47 158
434 1 517 168 52 149
434 2 27 118 163 279
435 0 69 107 136 260
435 1 406 165 46 156
435 2 511 169 52 149
436 0 65 125 145 236
436 1 407 166 45 155
436 2 513 169 48 149
437 0 407 165 46 155
437 1 508 170 50 150
437 2 20 108 196 307
438 0 145 132 76 218
438 1 408 165 44 156
438 2 507 169 46 152
438 3 55 130 167 262
439 0 408 165 45 156
439 1 506 168 44 154
439 2 77 132 147 255
440 0 141 129 87 233
440 1 408 164 44 157
440 2 502 170 43 151
441 0 154 115 85 252
441 1 408 164 44 157
441 2 500 168 45 156
442 0 156 123 92 244
442 1 408 165 45 155
442 2 498 169 46 153
443 0 188 133 64 218
443 1 407 164 46 156
443 2 496 168 47 153
444 0 197 138 72 208
444 1 407 166 46 153
444 2 494 169 48 151
445 0 207 133 69 206
445 1 406 165 48 153
445 2 490 168 50 153
446 0 194 134 98 220
446 1 406 165 48 153
446 2 487 171 53 147
447 0 226 144 72 201
447 1 406 165 47 154
447 2 485 169 54 151
448 0 226 146 78 201
448 1 406 165 45 155
448 2 482 170 54 151
449 0 243 141 69 204
449 1 406 167 44 152
449 2 484 169 49 154
450 0 255 140 61 199
450 1 405 165 45 156
450 2 479 163 47 161
451 0 261 142 55 203
451 1 403 167 48 153
451 2 477 161 49 166
452 0 265 144 51 204
452 1 403 167 46 154
452 2 476 161 50 166
453 0 272 158 69 182
453 1 403 167 44 154
453 2 474 163 51 162
454 0 403 164 40 158
454 1 473 161 52 166
455 0 403 163 39 159
455 1 471 161 53 167
456 0 277 158 71 182
456 1 403 164 38 158
456 2 471 162 53 165
457 0 286 157 56 184
457 1 404 166 37 154
457 2 471 164 52 160
458 0 302 154 43 178
458 1 395 171 45 147
458 2 471 165 52 159
459 0 297 157 50 174
459 1 396 171 44 149
459 2 472 164 51 162
460 0 396 169 44 152
460 1 472 164 50 162
461 0 396 171 44 147
461 1 472 162 49 164
462 0 396 170 42 147
462 1 472 162 48 166
463 0 395 163 43 162
463 1 473 162 48 166
464 0 392 164 47 159
464 1 473 162 47 165
464 2 3 130 60 271
465 0 326 160 41 150
465 1 391 162 49 162
465 2 472 162 48 165
465 3 1 132 86 266
466 0 320 155 48 175
466 1 385 163 54 165
466 2 472 162 48 164
466 3 3 132 91 267
467 0 323 156 42 156
467 1 387 162 52 169
467 2 472 162 49 165
467 3 4 133 99 261
468 0 321 156 52 175
468 1 385 160 52 177
468 2 472 163 48 163
468 3 5 131 118 266
469 0 323 155 53 176
469 1 385 159 51 180
469 2 472 163 48 163
469 3 15 129 123 276
470 0 326 156 53 174
470 1 380 160 55 179
470 2 472 162 48 166
470 3 28 138 122 248
471 0 327 153 51 185
471 1 381 155 50 190
471 2 472 163 48 164
471 3 23 147 141 242
472 0 328 154 49 185
472 1 472 163 48 165
472 2 21 139 163 240
472 3 380 158 50 194
473 0 330 155 50 180
473 1 375 150 51 200
473 2 473 163 48 164
473 3 34 142 155 238
474 0 329 153 48 185
474 1 374 148 52 203
474 2 472 164 49 163
474 3 84 153 119 219
475 0 330 154 46 184
475 1 473 164 48 162
475 2 102 151 116 220
475 3 377 152 53 205
476 0 330 153 46 182
476 1 370 145 59 208
476 2 473 163 47 164
476 3 133 149 90 215
477 0 337 151 42 186
477 1 366 144 60 210
477 2 472 164 48 163
477 3 149 150 76 216
478 0 339 150 40 192
478 1 471 164 49 163
478 2 166 149 67 222
478 3 365 150 56 208
479 0 344 149 41 192
479 1 471 165 51 162
479 2 166 153 78 212
479 3 362 149 58 212
480 0 346 147 40 193
480 1 471 164 51 164
480 2 167 160 101 198
480 3 359 149 62 217
481 0 344 149 42 191
481 1 471 163 52 166
481 2 167 162 119 195
481 3 357 148 66 222
482 0 472 163 52 167
482 1 180 168 111 186
482 2 355 148 66 224
483 0 471 169 52 160
483 1 199 157 95 198
483 2 354 144 68 232
484 0 231 157 57 187
484 1 472 169 52 161
484 2 354 138 69 244
485 0 474 167 50 165
485 1 242 158 64 195
485 2 352 133 70 250
486 0 475 167 50 165
486 1 257 159 54 190
486 2 347 133 77 251
487 0 476 165 49 170
487 1 263 157 52 196
487 2 329 134 86 249
488 0 476 165 50 170
488 1 267 158 49 200
488 2 346 128 77 257
489 0 477 163 48 174
489 1 270 170 68 184
489 2 346 128 79 253
490 0 284 161 53 176
490 1 478 162 47 176
490 2 311 123 107 275
491 0 294 170 48 151
491 1 478 161 47 177
491 2 307 121 109 288
492 0 309 176 34 134
492 1 480 160 44 181
492 2 297 126 112 290
493 0 293 122 110 291
493 1 477 168 47 170
494 0 291 115 103 310
494 1 476 168 49 170
495 0 277 105 113 326
495 1 475 168 49 170
496 0 478 157 44 187
496 1 275 92 106 349
497 0 476 157 46 187
497 1 276 95 99 338
498 0 477 155 45 191
498 1 270 99 91 333
498 2 330 157 45 214
499 0 477 155 45 191
499 1 263 99 94 341
499 2 334 157 44 214
500 0 368 181 33 123
500 1 476 151 43 199
500 2 259 99 94 341
501 0 368 175 29 140
501 1 474 152 44 197
501 2 225 82 123 385
502 0 370 167 31 159
502 1 211 83 134 384
502 2 474 158 46 191
503 0 372 173 36 149
503 1 470 158 47 192
503 2 198 88 145 409
504 0 384 176 38 140
504 1 463 162 52 184
504 2 197 91 132 403
505 0 391 179 38 137
505 1 204 75 119 401
505 2 294 128 67 283
505 3 461 162 53 186
506 0 397 178 34 137
506 1 175 58 135 432
506 2 297 143 66 246
506 3 460 160 53 191
507 0 400 180 32 132
507 1 159 76 148 398
507 2 284 152 85 226
507 3 458 156 53 199
508 0 407 170 34 145
508 1 275 140 99 246
508 2 462 155 51 202
508 3 95 48 210 487
509 0 274 111 106 269
509 1 411 173 35 140
509 2 462 149 51 214
509 3 89 54 216 483
510 0 276 115 107 265
510 1 414 177 36 141
510 2 460 152 50 207
510 3 63 90 236 475
511 0 276 114 111 271
511 1 414 199 42 112
511 2 445 156 60 199
511 3 30 34 253 529
512 0 42 0 223 541
512 1 265 120 128 270
512 2 416 196 45 119
512 3 442 156 61 200
513 0 16 8 234 528
513 1 273 120 110 274
513 2 424 197 45 128
513 3 439 153 61 206
514 0 4 0 223 548
514 1 277 117 104 278
514 2 430 148 76 214
515 0 277 114 103 286
515 1 428 150 74 209
515 2 3 8 212 568
516 0 8 0 198 564
516 1 273 107 103 301
516 2 432 148 66 213
517 0 270 110 107 296
517 1 428 153 75 205
517 2 10 14 187 557
518 0 267 112 109 292
518 1 415 153 87 204
518 2 9 15 175 558
519 0 265 109 110 298
519 1 417 154 76 203
519 2 8 32 168 523
520 0 464 195 32 103
520 1 255 113 118 290
520 2 412 148 69 213
520 3 7 40 169 508
521 0 407 156 68 187
521 1 467 194 32 94
521 2 250 105 121 306
521 3 6 32 168 521
522 0 475 191 30 102
522 1 248 100 117 320
522 2 400 148 59 211
522 3 8 31 165 524
523 0 481 189 28 105
523 1 11 0 158 544
523 2 247 102 114 315
523 3 400 149 52 209
524 0 483 190 30 108
524 1 11 0 158 545
524 2 244 108 130 312
524 3 394 151 61 204
525 0 482 190 30 108
525 1 9 0 162 542
525 2 243 105 136 320
525 3 376 156 74 199
526 0 483 187 29 113
526 1 10 0 160 543
526 2 240 108 143 310
526 3 376 156 71 198
527 0 484 188 29 109
527 1 10 0 160 543
527 2 242 102 147 319
527 3 375 158 68 196
528 0 486 190 27 102
528 1 9 0 161 542
528 2 242 98 146 328
528 3 373 157 69 199
529 0 486 189 28 102
529 1 246 100 141 322
529 2 372 159 66 196
529 3 9 26 163 536
530 0 486 189 29 106
530 1 250 106 132 312
530 2 367 157 60 198
530 3 9 31 163 526
531 0 487 191 30 101
531 1 257 106 119 311
531 2 369 157 53 201
531 3 9 31 164 525
532 0 494 199 26 94
532 1 266 104 114 310
532 2 366 164 50 188
532 3 8 31 165 527
533 0 493 199 27 97
533 1 268 105 118 305
533 2 361 167 50 182
533 3 9 28 163 533
534 0 494 199 25 98
534 1 270 107 118 301
534 2 361 172 48 178
534 3 8 28 165 535
535 0 494 200 25 97
535 1 273 104 113 309
535 2 359 180 53 179
535 3 10 28 161 535
536 0 494 199 25 98
536 1 281 103 125 309
536 2 10 29 162 533
537 0 493 198 27 99
537 1 285 97 125 323
537 2 9 30 164 530
538 0 493 197 27 103
538 1 298 88 116 341
538 2 8 31 166 527
539 0 493 198 27 101
539 1 305 89 105 340
539 2 9 30 164 529
540 0 493 198 28 100
540 1 11 0 158 537
540 2 314 97 100 334
541 0 494 199 26 99
541 1 311 104 119 318
541 2 10 28 163 534
542 0 494 199 26 99
542 1 12 0 157 540
542 2 317 103 132 321
543 0 494 198 27 99
543 1 301 173 46 183
543 2 316 110 137 308
543 3 10 29 161 532
544 0 494 196 27 99
544 1 296 157 52 202
544 2 326 118 129 288
544 3 9 31 164 531
545 0 495 197 24 97
545 1 292 158 58 205
545 2 327 112 130 300
545 3 10 29 162 531
546 0 495 195 25 102
546 1 290 156 60 206
546 2 326 100 134 316
546 3 9 28 165 533
547 0 495 197 25 100
547 1 280 153 70 213
547 2 334 99 131 313
547 3 7 31 167 529
548 0 495 198 24 100
548 1 276 150 72 222
548 2 346 105 124 302
548 3 6 28 169 534
549 0 495 197 24 101
549 1 11 0 158 544
549 2 273 151 75 219
549 3 374 109 102 297
550 0 495 197 25 100
550 1 269 148 80 224
550 2 380 94 99 325
550 3 8 35 165 520
551 0 495 195 24 102
551 1 266 147 79 221
551 2 387 89 94 336
551 3 10 30 161 529
552 0 495 194 23 102
552 1 259 147 85 220
552 2 396 80 88 353
552 3 10 30 161 532
553 0 494 191 24 105
553 1 255 146 92 225
553 2 406 92 84 329
553 3 13 25 157 541
554 0 494 189 24 106
554 1 253 142 92 238
554 2 405 87 100 338
554 3 12 21 159 551
555 0 405 100 109 292
555 1 495 190 22 102
555 2 249 141 87 248
555 3 11 24 164 543
556 0 495 191 22 102
556 1 13 9 157 521
556 2 249 142 85 250
556 3 424 114 93 292
557 0 496 193 21 100
557 1 11 8 162 524
557 2 249 144 84 253
557 3 415 104 111 310
558 0 497 191 19 105
558 1 246 142 85 256
558 2 415 112 113 300
558 3 11 27 165 537
559 0 11 9 163 521
559 1 238 139 90 261
559 2 413 108 123 303
560 0 9 13 165 515
560 1 235 134 90 274
560 2 424 105 118 306
561 0 9 5 163 531
561 1 232 128 90 282
561 2 443 107 99 302
562 0 8 8 164 526
562 1 229 126 90 287
562 2 460 97 97 318
563 0 8 4 165 529
563 1 227 122 90 293
563 2 465 91 95 328
564 0 8 13 163 512
564 1 225 118 92 299
564 2 467 95 102 323
565 0 8 12 166 509
565 1 225 117 93 300
565 2 472 100 113 319
566 0 9 7 165 517
566 1 227 117 91 298
566 2 474 102 120 317
567 0 480 192 33 106
567 1 9 12 166 508
567 2 228 116 89 301
567 3 480 84 141 361
568 0 476 185 34 118
568 1 228 120 87 295
568 2 487 70 132 389
568 3 12 33 162 530
569 0 472 182 39 126
569 1 229 117 87 300
569 2 494 56 129 412
569 3 12 28 161 541
570 0 467 180 38 128
570 1 9 2 162 533
570 2 228 118 87 299
570 3 500 59 124 404
571 0 465 181 38 128
571 1 9 0 162 539
571 2 231 117 86 299
571 3 521 62 111 399
572 0 460 177 36 135
572 1 7 1 165 538
572 2 230 118 88 297
572 3 540 66 104 389
573 0 458 171 38 151
573 1 230 119 89 295
573 2 551 52 100 411
573 3 11 31 160 532
574 0 456 166 37 163
574 1 224 117 97 296
574 2 560 55 111 409
574 3 12 34 159 526
575 0 453 167 39 159
575 1 220 123 98 284
575 2 564 60 151 418
575 3 12 26 159 542
576 0 451 170 40 152
576 1 10 0 162 537
576 2 210 124 105 292
576 3 563 75 187 401
577 0 444 173 44 150
577 1 10 0 162 540
577 2 205 117 107 306
577 3 553 68 210 391
578 0 11 0 162 540
578 1 177 137 133 284
578 2 434 178 54 154
578 3 561 80 212 370
579 0 180 133 115 294
579 1 424 180 62 149
579 2 591 49 206 434
579 3 13 37 163 524
580 0 423 167 40 165
580 1 11 1 161 532
580 2 164 124 137 305
580 3 662 42 132 449
581 0 689 37 107 336
581 1 420 166 40 164
581 2 10 0 162 537
581 3 161 128 138 300
582 0 703 12 96 328
582 1 415 164 40 165
582 2 5 0 175 536
582 3 163 123 110 300
583 0 155 99 84 332
583 1 406 174 43 160
583 2 5 37 180 525
584 0 733 81 66 243
584 1 146 101 83 328
584 2 392 174 62 160
584 3 6 37 176 524
585 0 144 103 73 323
585 1 371 174 75 165
585 2 6 51 176 495
586 0 138 107 78 323
586 1 368 178 66 165
586 2 11 79 179 493
587 0 374 187 47 155
587 1 4 34 192 527
588 0 360 181 46 165
588 1 0 28 202 537
589 0 345 195 52 149
589 1 7 24 191 541
590 0 8 0 179 545
590 1 310 177 86 166
591 0 297 170 99 177
591 1 3 5 210 575
592 0 296 167 92 183
592 1 5 14 215 561
593 0 286 172 79 176
593 1 1 7 225 579
594 0 280 162 70 188
594 1 2 26 224 542
595 0 278 167 58 188
595 1 29 47 221 516
596 0 3 91 67 366
596 1 261 161 56 198
596 2 54 75 201 504
597 0 0 102 74 345
597 1 93 40 190 472
597 2 259 168 59 188
598 0 168 69 129 277
598 1 1 95 63 350
598 2 251 165 67 191
599 0 0 107 62 257
599 1 165 76 147 444
600 0 161 57 160 492
601 0 0 130 45 215
601 1 182 64 166 477
602 0 176 152 56 215
602 1 177 82 186 445
603 0 158 155 73 209
603 1 170 95 204 406
604 0 134 159 86 202
604 1 241 86 139 371
605 0 98 162 117 202
605 1 246 96 138 355
606 0 76 152 123 216
606 1 247 87 142 371
607 0 74 143 95 228
607 1 273 75 114 391
608 0 74 144 89 229
608 1 315 72 90 389
609 0 51 152 98 214
609 1 326 63 91 405
610 0 49 154 92 211
610 1 335 81 95 367
611 0 23 143 106 236
611 1 337 78 98 368
612 0 7 143 110 232
612 1 334 96 108 331
613 0 0 150 102 213
613 1 341 103 102 324
614 0 7 138 59 201
614 1 348 97 102 330
615 0 2 131 56 213
615 1 357 92 106 341
616 0 364 88 100 344
617 0 362 90 106 337
618 0 365 86 102 347
619 0 364 86 102 347
620 0 364 86 100 346
621 0 361 93 103 333
622 0 361 92 103 333
623 0 359 90 104 337
624 0 361 87 103 342
625 0 356 84 114 349
626 0 356 82 118 358
627 0 364 81 119 370
628 0 363 85 127 380
