35 0 0 113 91 241
36 0 17 102 88 256
37 0 21 113 89 236
38 0 23 106 115 276
39 0 17 94 129 281
40 0 38 140 122 225
41 0 42 120 134 271
42 0 59 140 125 247
43 0 93 132 98 231
44 0 85 131 93 265
45 0 111 137 70 248
46 0 117 137 78 251
47 0 115 123 103 258
48 0 141 146 73 216
49 0 148 152 93 235
50 0 161 143 87 222
51 0 199 137 74 223
52 0 217 129 65 235
53 0 225 146 68 224
54 0 239 157 47 164
55 0 247 150 53 205
56 0 250 146 62 219
57 0 260 131 80 225
58 0 266 143 83 220
59 0 287 146 70 215
60 0 298 144 57 216
61 0 318 120 55 245
62 0 327 130 55 231
63 0 327 125 65 251
64 0 342 143 58 213
65 0 323 148 110 213
66 0 347 151 84 205
67 0 349 146 83 205
68 0 360 153 76 203
69 0 386 135 51 208
70 0 391 145 58 188
71 0 404 142 61 209
72 0 410 146 59 207
73 0 409 140 67 213
74 0 412 143 73 216
75 0 418 147 72 210
76 0 441 152 48 194
77 0 440 136 59 227
78 0 453 149 64 206
79 0 461 151 52 206
80 0 460 148 60 191
81 0 468 151 69 205
82 0 470 151 59 204
83 0 471 142 70 218
84 0 475 150 78 197
85 0 485 145 71 199
86 0 490 157 64 194
87 0 484 153 80 198
88 0 483 150 96 195
89 0 490 151 85 197
90 0 498 147 70 206
91 0 493 149 80 218
92 0 493 151 74 197
93 0 489 150 81 210
94 0 495 139 74 214
95 0 484 140 74 211
96 0 481 150 78 205
97 0 482 152 74 193
98 0 480 151 73 196
99 0 477 160 65 188
100 0 473 159 76 197
101 0 467 153 79 191
102 0 468 151 69 208
103 0 477 147 56 205
104 0 469 148 56 219
105 0 465 143 63 206
106 0 458 147 67 201
107 0 456 159 71 190
108 0 458 139 64 217
109 0 454 144 63 204
110 0 454 144 53 209
111 0 453 146 52 204
112 0 447 143 62 212
113 0 444 141 60 207
114 0 438 125 64 235
115 0 444 123 52 254
116 0 433 134 75 223
117 0 427 138 76 228
118 0 425 128 70 239
119 0 416 126 77 250
120 0 408 135 84 232
121 0 410 127 75 256
122 0 400 129 78 254
123 0 403 130 69 243
124 0 392 131 82 244
125 0 393 133 70 244
126 0 389 130 78 247
127 0 382 128 69 243
128 0 382 140 68 215
129 0 380 127 60 244
130 0 371 132 70 239
131 0 375 133 59 243
132 0 361 125 73 262
133 0 361 124 72 268
134 0 364 131 61 246
135 0 353 121 72 255
136 0 342 124 76 267
137 0 351 131 58 246
138 0 349 125 63 252
139 0 337 122 67 248
140 0 327 121 83 262
141 0 324 118 78 274
142 0 320 113 72 282
143 0 303 120 97 280
144 0 300 117 86 277
145 0 303 126 84 282
146 0 302 113 84 285
147 0 301 118 81 284
148 0 299 118 81 293
149 0 304 103 74 306
150 0 302 103 74 310
151 0 305 100 76 317
152 0 308 93 78 324
153 0 308 99 81 318
154 0 297 116 86 294
155 0 296 107 89 297
156 0 308 95 85 330
157 0 308 94 83 332
158 0 298 112 87 297
159 0 298 112 87 296
160 0 298 110 87 300
161 0 297 100 88 315
162 0 300 86 87 343
163 0 301 92 84 329
164 0 301 97 86 324
165 0 300 102 88 310
166 0 299 110 89 303
167 0 296 106 90 303
168 0 294 109 94 310
169 0 294 103 94 314
170 0 293 102 92 316
171 0 294 105 104 299
172 0 285 99 114 304
173 0 292 97 88 322
174 0 286 104 92 300
175 0 283 107 91 302
176 0 281 103 92 302
177 0 282 114 91 296
178 0 281 109 92 301
179 0 281 102 99 321
180 0 287 106 80 301
181 0 287 87 82 328
182 0 282 97 85 319
183 0 282 115 98 287
184 0 286 113 91 300
185 0 287 87 82 315
186 0 292 98 83 315
187 0 283 107 115 302
188 0 300 112 84 294
189 0 306 90 71 328
190 0 304 104 84 299
191 0 303 115 85 288
192 0 300 116 93 287
193 0 292 109 110 303
194 0 317 100 88 309
195 0 317 110 78 298
196 0 302 117 106 295
197 0 316 118 87 294
198 0 307 114 108 296
198 1 405 154 58 178
199 0 327 126 78 284
199 1 417 152 50 196
200 0 321 118 73 282
200 1 432 158 47 206
201 0 322 126 71 281
201 1 436 216 36 135
202 0 339 101 62 314
202 1 436 186 97 159
203 0 346 100 60 323
203 1 439 188 98 157
204 0 346 113 63 297
204 1 446 212 117 125
205 0 342 124 71 298
205 1 452 234 97 121
206 0 338 118 95 294
207 0 340 120 80 292
208 0 338 110 111 314
208 1 506 148 53 181
209 0 523 149 78 202
209 1 372 127 61 277
210 0 525 146 82 198
210 1 354 119 101 308
211 0 530 152 72 204
211 1 360 115 95 310
212 0 550 159 63 189
212 1 373 110 78 302
213 0 560 157 67 189
213 1 387 120 74 298
214 0 394 113 61 295
214 1 562 145 78 198
215 0 400 97 66 308
215 1 571 144 74 186
216 0 399 109 75 305
216 1 577 162 82 182
217 0 407 108 67 301
217 1 592 153 76 187
218 0 392 115 117 296
218 1 594 145 103 212
219 0 417 118 76 289
219 1 580 164 126 186
220 0 414 120 85 294
220 1 600 153 130 205
221 0 424 117 86 291
221 1 625 136 105 226
222 0 419 115 104 296
222 1 652 141 68 194
223 0 421 114 104 291
223 1 655 148 93 204
224 0 435 121 99 266
224 1 657 142 96 208
225 0 437 120 96 267
225 1 652 145 133 187
226 0 439 121 92 271
226 1 674 136 102 209
227 0 437 120 91 268
227 1 678 143 103 222
228 0 453 122 77 276
228 1 704 127 84 226
229 0 444 132 75 229
230 0 453 134 67 252
231 0 454 138 67 218
232 0 452 132 65 242
233 0 451 131 62 229
234 0 451 142 59 200
235 0 451 136 58 218
236 0 453 147 53 224
237 0 456 138 51 245
238 0 443 128 62 250
239 0 442 130 56 229
240 0 441 145 53 219
241 0 440 137 50 231
242 0 430 145 62 218
243 0 424 139 68 224
244 0 422 131 67 242
245 0 424 149 62 202
246 0 417 136 67 232
247 0 418 161 66 203
248 0 404 144 75 218
249 0 415 146 63 210
250 0 392 140 70 207
251 0 395 140 59 219
252 0 392 138 54 228
253 0 383 136 60 225
254 0 384 144 68 210
255 0 376 134 55 227
256 0 375 142 54 210
257 0 371 149 59 204
258 0 363 142 63 210
259 0 364 146 66 203
260 0 360 148 65 202
261 0 363 143 60 222
262 0 355 138 65 211
263 0 352 144 68 203
264 0 347 152 69 223
265 0 350 152 67 219
266 0 348 141 68 215
267 0 351 142 67 209
268 0 352 141 67 213
269 0 351 145 67 208
270 0 353 148 66 218
271 0 352 147 73 210
272 0 353 140 73 215
273 0 356 137 63 222
274 0 357 138 64 221
275 0 348 140 84 230
276 0 356 144 68 215
277 0 358 140 67 217
278 0 363 140 61 225
279 0 366 137 59 234
280 0 368 142 57 226
281 0 355 137 72 237
282 0 365 132 58 249
283 0 364 125 66 266
284 0 365 122 67 269
285 0 365 121 65 268
286 0 360 128 69 259
287 0 356 130 75 240
288 0 365 131 65 246
289 0 365 130 67 251
290 0 364 125 71 254
291 0 362 131 75 256
292 0 354 126 102 268
293 0 348 128 110 265
294 0 359 136 86 262
295 0 369 126 76 264
296 0 365 137 81 259
297 0 373 120 72 267
298 0 368 133 77 266
299 0 369 131 78 253
300 0 369 130 79 254
301 0 370 132 77 255
302 0 372 134 76 253
303 0 371 129 75 260
304 0 373 133 72 266
305 0 373 131 73 266
306 0 369 131 78 255
307 0 371 129 77 260
308 0 373 125 75 272
309 0 379 121 64 269
310 0 372 135 77 248
311 0 370 126 77 265
312 0 372 128 75 261
313 0 372 120 77 273
314 0 374 125 73 266
315 0 374 123 73 270
316 0 372 125 74 271
317 0 371 127 76 270
318 0 372 133 74 256
318 1 706 139 87 211
319 0 369 129 78 257
319 1 720 116 59 252
320 0 368 130 78 252
320 1 699 119 93 214
321 0 366 122 79 274
321 1 699 120 84 266
322 0 366 132 79 262
322 1 679 132 112 202
323 0 365 135 79 259
323 1 660 121 124 218
324 0 364 124 80 273
324 1 649 140 136 185
324 2 0 101 62 250
325 0 363 125 80 272
325 1 641 138 153 189
325 2 0 89 67 250
326 0 373 118 75 278
326 1 661 121 101 231
326 2 0 77 80 262
327 0 361 127 83 256
327 1 659 112 125 295
327 2 6 99 81 202
328 0 372 121 77 278
328 1 0 83 89 271
328 2 654 114 104 278
329 0 366 132 79 251
329 1 625 118 124 303
329 2 2 72 87 279
330 0 368 130 77 266
330 1 628 130 118 290
330 2 9 79 95 311
331 0 369 130 78 256
331 1 621 131 133 304
331 2 15 29 94 410
332 0 369 129 78 261
332 1 13 75 110 377
332 2 599 151 150 296
333 0 370 133 75 254
333 1 11 77 119 381
333 2 591 142 150 295
334 0 371 135 75 250
334 1 8 76 135 366
334 2 586 121 125 342
335 0 5 79 154 366
335 1 370 132 77 254
335 2 580 113 101 326
336 0 370 133 76 252
336 1 11 83 161 345
336 2 553 118 115 295
337 0 25 70 154 345
337 1 372 131 74 253
337 2 555 121 102 305
338 0 372 133 74 253
338 1 528 121 125 254
338 2 44 80 161 328
339 0 371 134 74 252
339 1 527 102 110 288
339 2 60 75 157 360
340 0 373 132 73 254
340 1 523 93 104 342
340 2 71 95 136 331
341 0 373 128 73 262
341 1 94 58 130 448
342 0 374 129 72 264
342 1 103 82 122 414
343 0 374 127 72 270
343 1 116 97 133 328
344 0 373 128 74 269
344 1 122 54 116 464
345 0 373 130 76 262
345 1 133 77 148 450
345 2 441 105 105 338
346 0 364 127 98 262
346 1 443 77 87 373
347 0 380 111 72 293
348 0 375 129 77 261
349 0 375 107 117 356
350 0 365 107 123 368
350 1 259 77 77 275
351 0 365 94 102 422
351 1 260 83 128 450
352 0 336 65 135 439
353 0 303 82 159 369
354 0 299 101 157 429
355 0 316 107 140 415
356 0 287 75 175 446
357 0 342 86 163 444
357 1 272 69 109 451
358 0 276 93 91 379
360 0 380 131 68 250
361 0 378 133 70 266
362 0 377 132 72 267
362 1 200 216 122 175
363 0 364 116 95 280
364 0 380 111 70 282
364 1 491 25 130 486
365 0 373 134 75 248
365 1 526 101 116 340
366 0 544 110 119 261
366 1 363 117 94 277
367 0 362 125 97 267
367 1 545 100 135 405
368 0 364 132 82 253
368 1 573 109 124 296
369 0 362 132 81 253
369 1 564 104 179 271
370 0 370 115 78 274
370 1 589 116 136 292
371 0 600 94 161 417
371 1 362 132 76 257
372 0 597 104 162 409
372 1 358 125 81 273
373 0 348 120 88 262
373 1 590 125 173 376
374 0 348 113 87 263
374 1 619 121 152 384
375 0 356 111 77 267
376 0 352 112 74 272
377 0 369 126 54 262
378 0 375 123 60 275
378 1 665 144 131 227
379 0 360 128 56 254
379 1 661 125 133 245
380 0 672 137 121 227
380 1 23 105 116 276
380 2 364 126 53 271
381 0 8 97 131 308
381 1 673 116 121 245
381 2 375 140 49 236
382 0 696 118 93 231
382 1 373 125 54 262
382 2 21 83 109 288
383 0 377 132 53 252
383 1 699 129 87 215
383 2 4 78 103 325
384 0 374 137 61 249
384 1 705 145 79 205
385 0 373 138 58 237
385 1 706 135 74 204
386 0 378 135 56 239
386 1 719 135 66 203
387 0 721 130 67 209
387 1 370 143 69 221
388 0 371 144 66 207
388 1 711 128 82 200
389 0 372 145 71 211
389 1 713 125 80 224
390 0 376 154 68 195
390 1 713 126 83 213
391 0 716 134 77 213
391 1 380 153 61 191
392 0 376 142 67 213
392 1 723 136 69 190
393 0 703 147 92 171
393 1 391 157 60 193
394 0 387 159 66 185
394 1 710 153 89 159
395 0 382 152 62 192
395 1 728 146 60 196
396 0 716 141 81 192
396 1 403 148 57 188
397 0 400 159 56 174
397 1 717 146 77 181
398 0 719 147 74 165
398 1 409 154 50 176
399 0 408 167 51 164
399 1 726 146 61 181
400 0 402 175 56 158
400 1 726 152 49 178
401 0 406 160 50 171
402 0 410 167 48 159
403 0 411 166 49 164
403 1 696 153 73 197
404 0 411 169 50 150
404 1 682 155 86 190
405 0 405 175 63 149
405 1 682 174 72 163
406 0 420 159 46 169
406 1 672 172 75 165
407 0 671 163 70 171
407 1 420 160 40 166
408 0 407 167 53 146
408 1 657 165 73 158
409 0 396 163 69 147
409 1 659 155 64 184
410 0 419 169 43 148
410 1 651 180 75 163
411 0 397 168 58 144
411 1 648 179 54 127
412 0 405 171 50 156
412 1 640 188 47 111
413 0 401 168 43 156
413 1 633 184 46 126
414 0 622 182 56 142
414 1 407 172 48 150
415 0 402 175 48 135
415 1 618 175 50 148
416 0 403 175 46 139
416 1 616 172 42 114
417 0 403 159 58 153
417 1 602 169 53 132
418 0 397 176 60 143
418 1 597 167 59 162
419 0 573 161 74 165
419 1 406 167 49 159
420 0 587 182 63 149
420 1 399 178 59 139
421 0 582 175 57 158
421 1 407 174 48 149
422 0 575 174 55 145
422 1 407 164 48 155
423 0 570 168 55 166
423 1 408 163 47 157
424 0 409 164 46 158
424 1 566 164 56 151
425 0 413 167 44 155
425 1 561 167 46 141
426 0 414 170 45 155
426 1 555 166 50 165
427 0 411 169 43 156
427 1 547 166 63 155
427 2 0 113 78 281
428 0 411 167 46 159
428 1 540 181 59 128
429 0 408 172 40 149
429 1 529 173 62 150
430 0 529 174 63 152
430 1 407 167 41 155
431 0 406 168 42 153
431 1 522 182 66 146
432 0 526 171 53 137
432 1 417 178 39 138
433 0 414 175 41 143
433 1 521 180 49 130
434 0 406 173 40 146
434 1 517 180 53 129
435 0 415 178 40 138
435 1 519 173 41 116
436 0 414 162 46 154
436 1 512 169 47 142
437 0 504 158 57 160
437 1 416 160 43 150
438 0 419 167 40 153
438 1 502 175 58 153
439 0 491 171 66 162
439 1 412 171 43 148
440 0 407 176 36 144
440 1 493 169 51 161
441 0 497 173 48 150
441 1 404 171 49 148
442 0 411 171 47 146
442 1 502 165 46 151
443 0 407 169 45 153
443 1 492 166 50 155
444 0 486 171 55 155
444 1 405 170 46 153
445 0 407 169 50 156
445 1 490 168 47 152
446 0 488 171 54 156
446 1 405 173 52 151
447 0 487 165 56 164
447 1 410 174 35 144
448 0 401 168 52 149
448 1 487 176 59 151
449 0 480 169 61 156
449 1 404 179 40 140
450 0 479 171 50 153
450 1 408 159 36 157
451 0 406 176 43 145
451 1 471 177 67 148
452 0 403 177 43 144
452 1 471 179 51 141
453 0 399 181 45 134
453 1 481 169 41 159
454 0 404 168 41 152
454 1 474 165 39 164
455 0 404 172 40 154
455 1 477 171 37 158
456 0 472 178 57 147
456 1 395 165 49 154
457 0 395 166 48 160
457 1 477 166 43 160
458 0 395 171 48 156
458 1 477 168 45 156
459 0 477 169 46 157
459 1 401 167 39 151
460 0 478 169 45 155
460 1 401 165 39 152
461 0 478 169 44 155
461 1 393 166 48 167
462 0 478 168 43 155
462 1 405 158 43 162
463 0 466 179 66 147
463 1 401 165 52 153
464 0 478 168 43 154
464 1 389 162 58 157
465 0 398 158 49 163
465 1 471 168 51 160
466 0 388 166 59 156
466 1 472 167 50 162
466 2 2 121 87 186
467 0 387 158 61 171
467 1 471 167 51 156
467 2 2 134 94 222
468 0 393 161 54 170
468 1 20 120 82 244
468 2 469 166 53 158
469 0 461 181 75 149
469 1 390 160 55 174
469 2 26 136 111 243
470 0 469 182 57 133
470 1 386 161 56 174
470 2 38 129 104 244
471 0 466 182 58 137
471 1 385 158 52 186
472 0 379 155 52 194
472 1 468 181 57 139
473 0 471 167 49 163
473 1 379 153 65 181
474 0 468 177 58 140
474 1 111 141 83 229
474 2 371 140 73 210
475 0 466 175 58 143
475 1 369 153 70 183
475 2 134 143 68 240
476 0 373 152 62 187
476 1 467 176 58 142
476 2 132 143 79 232
477 0 147 130 73 234
477 1 371 150 57 196
477 2 467 177 57 141
478 0 469 171 56 157
478 1 364 146 62 199
478 2 155 136 80 228
479 0 469 172 56 157
479 1 356 151 68 202
479 2 157 133 94 243
480 0 460 175 65 146
480 1 344 131 87 238
481 0 357 138 70 251
481 1 460 174 66 151
481 2 159 140 123 226
482 0 361 142 60 233
482 1 469 172 51 155
483 0 474 170 47 159
483 1 356 135 67 255
484 0 357 137 65 253
484 1 473 169 50 161
484 2 240 155 58 190
485 0 471 172 53 158
485 1 348 137 74 245
485 2 252 153 57 197
486 0 347 120 74 266
486 1 474 168 52 162
486 2 252 149 56 204
487 0 340 129 77 247
487 1 475 165 53 167
487 2 262 166 56 185
488 0 343 120 77 260
488 1 475 165 55 166
488 2 263 140 65 207
489 0 336 118 81 274
489 1 475 166 55 166
490 0 476 170 53 165
490 1 321 113 104 301
491 0 474 169 54 169
491 1 317 114 98 297
492 0 473 168 57 171
492 1 309 122 97 294
493 0 472 165 58 179
493 1 297 110 115 314
494 0 297 104 99 326
494 1 472 167 55 177
495 0 275 96 118 335
495 1 471 164 54 177
496 0 467 159 56 182
496 1 278 89 98 354
497 0 466 159 58 186
497 1 265 92 117 335
498 0 463 167 74 179
498 1 269 100 121 294
499 0 467 157 57 180
499 1 261 100 112 321
500 0 466 156 58 182
500 1 261 90 92 362
500 2 357 169 36 130
501 0 469 157 49 183
501 1 363 181 43 99
501 2 258 72 91 396
502 0 459 160 65 185
502 1 234 64 108 403
502 2 362 191 43 106
503 0 460 158 64 190
503 1 224 69 114 389
503 2 369 172 42 139
504 0 459 163 66 190
504 1 210 66 115 394
504 2 367 177 57 135
505 0 459 154 64 194
505 1 198 46 130 440
505 2 374 181 53 126
506 0 457 155 64 194
506 1 170 52 152 396
506 2 385 184 52 122
506 3 315 123 63 251
507 0 166 20 144 511
507 1 458 155 60 179
507 2 299 130 92 237
507 3 392 173 44 134
508 0 144 0 155 552
508 1 463 156 66 181
508 2 407 184 35 104
508 3 290 145 91 219
509 0 135 19 163 521
509 1 457 158 60 166
509 2 415 183 37 109
509 3 292 138 93 247
510 0 98 5 183 564
510 1 417 196 39 96
510 2 456 153 59 188
510 3 276 126 109 250
511 0 66 8 203 591
511 1 291 126 79 246
511 2 456 155 56 162
511 3 419 193 38 102
512 0 281 113 94 268
512 1 22 1 258 584
512 2 454 149 58 202
512 3 420 183 45 131
513 0 439 149 65 197
513 1 3 1 264 587
513 2 285 117 106 282
514 0 0 8 240 551
514 1 444 159 61 199
514 2 279 138 108 268
515 0 1 1 231 550
515 1 433 151 69 198
515 2 280 141 96 266
516 0 0 3 233 544
516 1 433 171 69 184
516 2 278 194 87 209
517 0 0 0 196 554
517 1 424 161 69 190
518 0 0 0 197 593
518 1 433 161 61 201
518 2 265 200 101 218
519 0 0 0 183 573
519 1 429 162 61 175
519 2 251 227 113 185
520 0 0 0 182 590
520 1 254 241 112 163
520 2 420 168 69 181
520 3 456 192 39 106
521 0 458 189 49 104
521 1 0 0 199 576
521 2 257 237 102 151
521 3 412 163 48 188
522 0 458 189 53 104
522 1 0 0 199 570
522 2 248 232 108 159
522 3 413 157 43 152
523 0 0 0 170 553
523 1 471 193 34 89
523 2 407 148 49 199
523 3 244 224 116 169
524 0 0 0 180 553
524 1 398 160 52 182
524 2 474 200 36 79
524 3 249 214 114 190
525 0 0 0 195 565
525 1 397 155 51 181
525 2 471 201 39 87
525 3 251 188 105 233
526 0 475 196 36 88
526 1 0 0 189 567
526 2 403 161 38 175
526 3 244 210 138 203
527 0 0 0 187 565
527 1 481 199 29 86
527 2 388 165 57 177
528 0 0 0 194 582
528 1 386 160 49 187
528 2 476 212 31 69
529 0 0 0 198 581
529 1 377 154 52 185
530 0 0 0 184 576
530 1 381 161 44 173
531 0 0 0 182 572
531 1 376 163 37 193
532 0 0 0 179 571
532 1 252 86 124 342
532 2 365 138 45 200
533 0 0 0 179 571
533 1 364 157 43 181
533 2 277 108 101 310
534 0 0 0 177 571
534 1 269 87 108 319
534 2 361 159 38 185
535 0 0 0 183 571
535 1 282 92 106 353
535 2 365 162 34 180
536 0 0 0 184 567
536 1 297 127 82 301
537 0 0 0 178 569
538 0 0 0 178 564
539 0 0 0 180 565
540 0 0 0 181 569
541 0 0 0 181 575
542 0 0 0 182 577
542 1 324 159 79 273
543 0 0 0 181 566
543 1 328 150 74 272
543 2 307 171 51 192
544 0 0 0 182 571
544 1 296 147 58 223
545 0 0 0 182 553
545 1 303 153 55 227
545 2 320 138 108 277
546 0 0 0 175 556
546 1 331 111 109 314
546 2 301 137 58 247
547 0 0 0 175 516
547 1 283 140 66 240
547 2 317 119 136 317
548 0 0 0 178 552
548 1 280 154 66 229
549 0 0 0 178 554
549 1 280 153 63 210
550 0 0 0 177 559
550 1 280 147 61 223
551 0 280 138 66 236
551 1 0 1 180 559
552 0 0 2 172 575
552 1 262 141 82 236
553 0 268 148 64 240
553 1 4 18 176 513
553 2 491 198 30 76
554 0 262 148 72 234
554 1 0 0 178 569
554 2 495 198 25 78
555 0 265 136 69 253
555 1 0 0 179 581
556 0 255 142 83 262
556 1 0 0 174 591
556 2 490 201 31 82
557 0 0 0 173 573
557 1 248 139 83 271
557 2 493 198 30 75
558 0 0 0 177 577
558 1 239 130 95 289
558 2 434 133 83 283
558 3 491 189 37 96
559 0 0 0 178 565
559 1 236 136 86 284
559 2 432 111 94 308
560 0 229 116 108 295
560 1 0 0 180 571
561 0 224 115 114 307
561 1 0 0 179 575
561 2 449 125 85 289
562 0 215 118 115 304
562 1 0 0 180 567
563 0 233 101 85 319
563 1 0 0 180 562
564 0 226 108 91 304
564 1 0 0 180 566
565 0 220 117 107 305
565 1 0 0 184 569
565 2 476 111 78 333
565 3 508 109 47 59
566 0 0 0 192 559
566 1 217 121 115 294
566 2 498 103 71 345
567 0 221 115 94 295
567 1 0 10 182 553
567 2 485 124 101 303
568 0 0 8 179 550
568 1 220 124 112 294
568 2 467 178 38 123
569 0 219 113 111 301
569 1 0 6 196 553
569 2 470 185 35 118
570 0 10 17 171 514
570 1 218 115 119 304
570 2 457 180 57 123
570 3 532 89 84 211
571 0 0 0 189 559
571 1 462 181 43 125
571 2 225 115 97 296
571 3 537 68 73 377
572 0 215 115 115 304
572 1 0 0 188 585
572 2 469 191 33 106
572 3 551 65 72 318
573 0 232 112 86 307
573 1 457 181 40 129
573 2 0 0 184 582
573 3 559 55 78 388
574 0 215 120 116 285
574 1 453 181 41 129
574 2 560 59 96 402
574 3 6 0 175 571
575 0 222 117 94 304
575 1 0 0 175 554
575 2 449 192 51 112
575 3 579 76 112 426
576 0 210 119 113 289
576 1 0 0 188 561
576 2 454 176 41 128
577 0 0 0 178 568
577 1 197 120 119 287
577 2 434 184 56 135
578 0 171 124 137 308
578 1 0 0 185 585
578 2 427 175 60 145
579 0 0 0 175 550
579 1 433 181 41 132
579 2 208 146 83 163
580 0 0 0 179 543
580 1 424 184 33 125
580 2 171 123 113 308
581 0 416 162 48 167
581 1 0 0 182 555
581 2 170 119 101 302
582 0 0 0 215 573
582 1 405 160 62 169
582 2 166 113 81 323
583 0 0 7 193 560
583 1 402 193 52 122
583 2 168 105 79 262
584 0 0 2 208 584
584 1 385 194 68 134
584 2 159 106 65 258
585 0 2 21 221 540
585 1 112 89 106 325
586 0 0 4 207 570
586 1 368 186 80 157
587 0 0 0 207 577
587 1 371 185 52 156
588 0 0 2 198 568
588 1 360 182 51 151
589 0 0 0 209 548
589 1 344 199 55 144
590 0 0 3 202 523
590 1 323 186 72 151
591 0 22 2 195 542
592 0 0 15 227 566
593 0 0 0 248 597
594 0 12 0 258 590
595 0 16 37 257 543
596 0 31 13 254 558
597 0 143 47 134 350
597 1 251 147 56 207
598 0 238 156 71 187
598 1 168 49 133 329
599 0 155 32 145 523
600 0 154 52 171 517
601 0 166 28 159 519
602 0 165 66 176 464
603 0 200 58 152 451
603 1 166 143 63 232
604 0 246 56 116 471
605 0 195 99 185 430
606 0 275 72 111 404
607 0 294 78 99 379
607 1 52 143 134 213
608 0 302 74 101 394
608 1 46 135 117 186
609 0 311 89 98 385
609 1 46 113 96 260
610 0 329 78 88 381
610 1 54 161 88 197
611 0 339 94 84 341
612 0 343 93 82 349
613 0 334 97 94 343
613 1 4 155 73 156
614 0 338 92 92 329
615 0 350 112 89 301
616 0 357 122 95 288
617 0 356 103 96 316
618 0 359 104 92 305
619 0 362 90 97 327
620 0 365 105 84 311
621 0 366 99 92 317
622 0 373 93 74 322
623 0 367 95 84 317
624 0 368 81 94 340
625 0 354 89 117 346
626 0 369 81 96 348
627 0 356 83 123 359
628 0 356 77 128 363
