0 0 223 220 45 84 1 0 
1 0 223 220 45 84 1 0 
2 0 223 220 45 84 1 0 
3 0 223 220 45 84 1 0 
4 0 223 220 45 84 1 0 
5 0 223 220 45 84 1 0 
6 0 223 220 45 84 1 0 
7 0 223 220 45 84 1 0 
8 0 223 220 45 84 1 0 
9 0 223 220 45 84 1 0 
10 0 223 220 45 84 1 0 
11 0 223 220 45 84 1 0 
12 0 223 220 45 84 1 0 
13 0 223 220 45 84 1 0 
14 0 223 220 45 84 1 0 
15 0 223 220 45 84 1 0 
16 0 223 220 45 84 1 0 
17 0 223 220 45 84 1 0 
18 0 223 220 45 84 1 0 
19 0 223 220 45 84 1 0 
20 0 223 220 45 84 1 0 
21 0 223 220 45 84 1 0 
22 0 223 220 45 84 1 0 
23 0 223 220 45 84 1 0 
24 0 223 220 45 84 1 0 
25 0 223 220 45 84 1 0 
26 0 223 220 45 84 1 0 
27 0 223 220 45 84 1 0 
28 0 223 220 45 84 1 0 
29 0 223 220 45 84 1 0 
30 0 223 220 45 84 1 0 
31 0 223 220 45 84 1 0 
32 0 223 220 45 84 1 0 
33 0 223 220 45 84 1 0 
34 0 223 220 45 84 1 0 
35 0 223 220 45 84 1 0 
36 0 223 220 45 84 1 0 
37 0 223 220 45 84 1 0 
38 0 223 220 45 84 1 0 
39 0 223 220 45 84 1 0 
40 0 223 220 45 84 1 0 
41 0 223 220 45 84 1 0 
42 0 223 220 45 84 1 0 
43 0 223 220 45 84 1 0 
44 0 223 220 45 84 1 0 
45 0 223 220 45 84 1 0 
46 0 223 220 45 84 1 0 
47 0 223 220 45 84 1 0 
48 0 223 220 45 84 1 0 
49 0 223 220 45 84 1 0 
50 0 223 220 45 84 1 0 
51 0 223 220 45 84 1 0 
52 0 223 220 45 84 1 0 
53 0 223 220 45 84 1 0 
54 0 223 220 45 84 1 0 
55 0 223 220 45 84 1 0 
56 0 223 220 45 84 1 0 
57 0 223 220 45 84 1 0 
58 0 223 220 45 84 1 0 
59 0 223 220 45 84 1 0 
60 0 223 220 45 84 1 0 
61 0 223 220 45 84 1 0 
62 0 223 220 45 84 1 0 
63 0 223 220 45 84 1 0 
64 0 223 220 45 84 1 0 
65 0 223 220 45 84 1 0 
66 0 223 220 45 84 1 0 
67 0 223 220 45 84 1 0 
68 0 223 220 45 84 1 0 
69 0 223 220 45 84 1 0 
70 0 223 220 45 84 1 0 
71 0 223 220 45 84 1 0 
72 0 223 220 45 84 1 0 
73 0 223 220 45 84 1 0 
74 0 223 220 45 84 1 0 
75 0 223 220 45 84 1 0 
76 0 223 220 45 84 1 0 
77 0 223 220 45 84 1 0 
78 0 223 220 45 84 1 0 
79 0 223 220 45 84 0 1 
80 0 223 220 45 84 0 1 
81 0 223 220 45 84 0 1 
82 0 223 220 45 84 0 0 
83 0 221 219 45 84 0 0 
84 0 219 219 45 84 0 0 
85 0 219 219 45 84 0 0 
86 0 219 219 45 84 0 0 
87 0 219 219 45 84 0 0 
88 0 219 219 45 84 0 0 
89 0 220 219 45 84 0 0 
90 0 222 219 45 84 0 0 
91 0 224 219 45 84 0 0 
92 0 225 219 47 87 0 0 
93 0 227 219 48 91 0 0 
94 0 229 219 49 95 0 0 
95 0 235 219 49 94 0 0 
96 0 241 219 50 94 0 0 
97 0 247 219 50 94 0 0 
98 0 254 219 50 94 0 0 
99 0 267 219 50 94 0 0 
100 0 271 219 50 94 0 0 
101 0 279 219 50 94 0 0 
102 0 284 219 50 94 0 0 
103 0 285 220 50 94 0 0 
104 0 294 220 50 94 0 0 
105 0 302 221 50 94 0 0 
106 0 307 221 50 94 0 0 
107 0 304 221 50 94 0 0 
108 0 302 222 50 94 0 0 
109 0 301 221 50 95 0 0 
110 0 301 221 50 95 0 0 
111 0 300 221 50 95 0 0 
112 0 300 221 50 96 0 0 
113 0 299 220 50 97 0 0 
114 0 299 220 50 97 0 0 
115 0 298 220 50 97 0 0 
116 0 298 220 50 98 0 0 
117 0 297 219 50 100 0 0 
118 0 296 219 51 101 0 0 
119 0 295 219 52 102 0 0 
120 0 294 219 53 103 0 0 
121 0 293 219 54 104 0 0 
122 0 292 219 55 105 0 0 
123 0 291 219 56 107 0 0 
124 0 291 218 59 115 0 0 
125 0 293 218 59 116 0 0 
126 0 295 218 60 117 0 0 
127 0 297 218 61 118 0 0 
128 0 299 218 62 119 0 0 
129 0 301 218 63 120 0 0 
130 0 303 218 64 121 0 0 
131 0 305 218 65 122 0 0 
132 0 307 218 66 123 0 0 
133 0 309 218 67 124 0 0 
134 0 311 218 67 126 0 0 
135 0 313 218 68 128 0 0 
136 0 315 218 68 130 0 0 
137 0 317 218 69 132 0 0 
138 0 319 218 70 134 0 0 
139 0 321 218 70 136 0 0 
140 0 323 218 71 138 0 0 
141 0 326 218 71 140 0 0 
142 0 329 218 71 143 0 0 
143 0 332 218 72 146 0 0 
144 0 335 219 73 148 0 0 
145 0 338 219 73 151 0 0 
146 0 341 219 74 154 0 0 
147 0 345 220 74 156 0 0 
148 0 348 218 74 155 0 0 
149 0 351 217 74 154 0 0 
150 0 354 217 75 158 0 0 
151 0 357 217 77 162 0 0 
152 0 360 218 79 165 0 0 
153 0 364 218 79 169 0 0 
154 0 367 219 81 172 0 0 
155 0 370 219 83 176 0 0 
156 0 374 220 84 180 0 0 
157 0 378 220 85 184 0 0 
158 0 382 221 87 188 0 0 
159 0 386 221 89 193 0 0 
160 0 390 222 90 196 0 0 
161 0 394 222 92 201 0 0 
162 0 398 223 94 205 0 0 
163 0 404 222 97 212 0 0 
164 0 411 221 100 220 0 0 
165 0 418 220 102 227 0 0 
166 0 424 219 106 235 0 0 
167 0 431 218 108 242 0 0 
168 0 438 218 111 249 0 0 
169 0 454 218 120 267 0 0 
170 0 471 218 129 285 0 0 
171 0 487 218 138 304 0 0 
172 0 504 218 147 322 0 0 
173 0 521 219 156 340 0 0 
174 0 541 217 166 352 0 0 
175 0 562 215 176 364 0 0 
176 0 582 213 186 376 0 0 
177 0 603 211 196 388 0 0 
178 0 617 213 182 386 0 0 
179 0 618 213 181 386 0 0 
180 0 620 213 179 386 0 0 
181 0 621 213 178 386 0 0 
182 0 623 214 176 385 0 0 
183 0 625 214 174 385 0 0 
184 0 626 214 173 385 0 0 
185 0 628 215 171 384 0 0 
186 0 630 215 169 384 0 0 
187 0 631 215 168 384 0 0 
188 0 633 215 166 384 0 0 
189 0 635 216 164 383 0 0 
190 0 636 216 163 383 0 0 
191 0 638 216 161 383 0 0 
192 0 640 217 159 382 0 0 
193 0 635 217 164 382 0 0 
194 0 631 217 168 382 0 0 
195 0 627 217 172 382 0 0 
196 0 623 217 176 382 0 0 
197 0 619 217 180 382 0 0 
198 0 615 217 184 382 0 0 
199 0 611 217 188 382 0 0 
200 0 607 217 192 382 0 0 
201 0 603 217 196 382 0 0 
202 0 599 217 200 382 0 0 
203 0 595 217 204 382 0 0 
204 0 591 217 208 382 0 0 
205 0 587 217 212 382 0 0 
206 0 583 217 216 382 0 0 
207 0 579 217 220 382 0 0 
208 0 575 218 224 381 0 0 
209 0 565 218 224 381 0 0 
210 0 555 218 224 381 0 0 
211 0 545 218 224 381 0 0 
212 0 536 219 224 380 0 0 
213 0 528 219 213 380 0 0 
214 0 521 219 201 380 0 0 
215 0 513 219 190 380 0 0 
216 0 506 219 178 380 0 0 
217 0 499 220 166 379 0 0 
218 0 487 219 162 374 0 0 
219 0 476 219 158 368 0 0 
220 0 465 219 153 362 0 0 
221 0 454 219 149 356 0 0 
222 0 436 218 147 352 0 0 
223 0 418 217 145 348 0 0 
224 0 411 217 143 347 0 0 
225 0 404 217 141 346 0 0 
226 0 397 217 139 345 0 0 
227 0 390 217 137 345 0 0 
228 0 386 216 137 345 0 0 
229 0 383 216 137 345 0 0 
230 0 380 216 137 345 0 0 
231 0 371 216 134 345 0 0 
232 0 362 217 131 345 0 0 
233 0 354 218 127 345 0 0 
234 0 353 218 127 345 0 0 
235 0 353 218 127 345 0 0 
236 0 353 218 127 345 0 0 
237 0 353 218 127 345 0 0 
238 0 353 218 127 345 0 0 
239 0 353 218 127 345 0 0 
240 0 352 218 127 345 0 0 
241 0 352 218 127 345 0 0 
242 0 352 218 127 345 0 0 
243 0 352 218 127 345 0 0 
244 0 352 218 127 345 0 0 
245 0 352 218 127 345 0 0 
246 0 352 218 127 345 0 0 
247 0 350 217 127 345 0 0 
248 0 348 217 127 345 0 0 
249 0 347 217 127 345 0 0 
250 0 345 217 127 345 0 0 
251 0 343 217 127 345 0 0 
252 0 341 218 127 345 0 0 
253 0 339 218 127 345 0 0 
254 0 338 219 127 345 0 0 
255 0 338 218 127 343 0 0 
256 0 338 217 127 342 0 0 
257 0 338 216 127 341 0 0 
258 0 338 215 127 340 0 0 
259 0 338 214 127 339 0 0 
260 0 338 213 127 338 0 0 
261 0 338 212 127 337 0 0 
262 0 338 211 127 336 0 0 
263 0 338 210 127 335 0 0 
264 0 338 209 127 334 0 0 
265 0 338 212 127 329 0 0 
266 0 338 197 127 347 0 0 
267 0 338 160 127 385 0 0 
268 0 336 103 132 442 0 0 
269 0 336 67 135 478 0 0 
270 0 336 64 140 483 0 0 
271 0 345 61 146 488 0 0 
272 0 353 65 158 480 0 0 
273 0 353 61 158 480 0 0 
274 0 366 67 154 477 0 0 
275 0 385 68 153 477 0 0 
276 0 404 69 153 477 0 0 
277 0 423 71 153 477 0 0 
278 0 442 72 153 477 0 0 
279 0 462 74 152 477 0 0 
280 0 491 65 154 477 0 0 
281 0 521 57 156 477 0 0 
282 0 573 41 165 509 0 0 
283 0 626 25 173 542 0 0 
284 0 644 24 155 542 0 0 
285 0 662 23 137 542 0 0 
286 0 681 22 118 542 0 0 
287 0 713 37 86 542 0 0 
288 0 740 35 59 542 1 1 
289 0 740 35 59 542 1 1 
290 0 740 35 59 542 1 1 
291 0 739 34 60 543 1 1 
292 0 738 34 61 543 1 1 
293 0 738 34 61 543 1 1 
294 0 737 33 62 544 1 1 
295 0 737 33 62 544 1 1 
296 0 736 33 63 545 1 1 
297 0 735 32 64 546 1 1 
298 0 735 32 64 546 1 1 
299 0 734 32 65 546 1 1 
300 0 734 31 65 547 1 1 
301 0 733 31 66 548 1 1 
302 0 732 31 67 548 1 1 
303 0 732 30 67 549 1 1 
304 0 731 30 68 549 1 1 
305 0 731 30 68 549 1 1 
306 0 730 30 69 550 1 1 
307 0 729 29 70 551 1 1 
308 0 729 29 70 551 1 1 
309 0 728 29 71 551 1 1 
310 0 728 28 71 552 1 1 
311 0 727 28 72 552 1 1 
312 0 726 28 73 553 1 1 
313 0 726 27 73 554 1 1 
314 0 725 27 74 554 1 1 
315 0 725 27 74 554 1 1 
316 0 724 26 75 555 1 1 
317 0 723 26 76 556 1 1 
318 0 723 26 76 556 1 1 
319 0 722 25 77 557 1 1 
320 0 722 25 77 557 1 1 
321 0 721 25 78 557 1 1 
322 0 721 25 78 558 1 1 
323 0 720 24 79 559 1 1 
324 0 719 24 80 559 1 1 
325 0 719 24 80 559 1 1 
326 0 718 23 81 560 1 1 
327 0 718 23 81 560 1 1 
328 0 717 23 82 561 1 1 
329 0 716 22 83 562 1 1 
330 0 716 22 83 562 1 1 
331 0 715 22 84 562 1 1 
332 0 715 21 84 563 1 1 
333 0 714 21 85 564 1 1 
334 0 713 21 86 564 1 1 
335 0 713 20 86 565 1 1 
336 0 712 20 87 565 1 1 
337 0 712 20 87 565 1 1 
338 0 711 20 88 566 1 1 
339 0 710 19 89 567 1 1 
340 0 710 19 89 567 1 1 
341 0 709 19 90 567 1 1 
342 0 709 18 90 568 1 1 
343 0 708 18 91 568 1 1 
344 0 707 18 92 569 1 1 
345 0 707 17 92 570 1 1 
346 0 706 17 93 570 1 1 
347 0 706 17 93 570 1 1 
348 0 705 16 94 571 1 1 
349 0 704 16 95 572 1 1 
350 0 704 16 95 572 1 1 
351 0 703 15 96 573 1 1 
352 0 703 15 96 573 1 1 
353 0 702 15 97 573 1 1 
354 0 702 15 97 574 0 1 
355 0 652 35 147 564 0 1 
356 0 609 47 170 526 0 0 
357 0 566 59 194 493 0 0 
358 0 537 60 194 480 0 0 
359 0 505 56 200 475 0 0 
360 0 473 52 206 470 0 0 
361 0 442 49 213 474 0 0 
362 0 417 50 213 463 0 0 
363 0 396 52 213 463 0 0 
364 0 378 56 183 463 0 0 
365 0 375 75 148 448 0 0 
366 0 375 101 134 422 0 0 
367 0 370 122 130 401 0 0 
368 0 366 144 126 379 0 0 
369 0 366 165 124 358 0 0 
370 0 366 187 122 336 0 0 
371 0 366 197 120 326 0 0 
372 0 366 208 118 315 0 0 
373 0 366 199 117 324 0 0 
374 0 365 201 117 323 0 0 
375 0 364 203 117 322 0 0 
376 0 364 206 117 320 0 0 
377 0 363 208 117 320 0 0 
378 0 362 210 117 319 0 0 
379 0 362 213 117 317 0 0 
380 0 361 215 117 316 0 0 
381 0 361 218 117 315 0 0 
382 0 361 217 117 314 0 0 
383 0 361 217 117 313 0 0 
384 0 362 217 116 312 0 0 
385 0 362 217 117 311 0 0 
386 0 362 217 117 310 0 0 
387 0 363 217 116 308 0 0 
388 0 363 217 117 307 0 0 
389 0 364 217 116 306 0 0 
390 0 364 217 116 305 0 0 
391 0 364 217 117 304 0 0 
392 0 365 217 116 302 0 0 
393 0 365 217 116 301 0 0 
394 0 365 217 117 300 0 0 
395 0 366 217 116 299 0 0 
396 0 366 217 116 298 0 0 
397 0 367 217 116 297 0 0 
398 0 374 217 114 292 0 0 
399 0 381 217 112 287 0 0 
400 0 388 217 110 282 0 0 
401 0 392 217 110 281 0 0 
402 0 396 218 110 279 0 0 
403 0 401 218 110 278 0 0 
404 0 405 219 110 276 0 0 
405 0 409 219 110 275 0 0 
406 0 414 220 110 274 0 0 
407 0 418 220 110 269 0 0 
408 0 423 221 109 264 0 0 
409 0 428 222 108 259 0 0 
410 0 428 222 107 254 0 0 
411 0 428 222 107 250 0 0 
412 0 429 223 106 244 0 0 
413 0 429 223 106 240 0 0 
414 0 430 224 105 235 0 0 
415 0 428 222 103 232 0 0 
416 0 427 221 101 229 0 0 
417 0 430 220 99 226 0 0 
418 0 433 220 98 223 0 0 
419 0 436 219 97 221 0 0 
420 0 439 219 96 218 0 0 
421 0 443 219 94 215 0 0 
422 0 442 219 94 212 0 0 
423 0 442 219 93 209 0 0 
424 0 442 219 92 206 0 0 
425 0 442 219 91 203 0 0 
426 0 442 219 90 200 0 0 
427 0 442 219 90 197 0 0 
428 0 441 219 89 194 0 0 
429 0 440 219 88 192 0 0 
430 0 440 219 86 190 0 0 
431 0 439 220 86 186 0 0 
432 0 439 220 84 184 0 0 
433 0 438 220 83 182 0 0 
434 0 438 220 81 180 0 0 
435 0 437 221 81 176 0 0 
436 0 437 221 79 174 0 0 
437 0 436 221 78 172 0 0 
438 0 436 222 77 169 0 0 
439 0 433 221 75 166 0 0 
440 0 430 221 74 163 0 0 
441 0 427 221 73 159 0 0 
442 0 425 221 71 156 0 0 
443 0 419 220 70 153 0 0 
444 0 414 220 69 150 0 0 
445 0 407 221 67 145 0 0 
446 0 400 223 65 140 0 0 
447 0 393 225 63 135 0 0 
448 0 392 224 63 133 0 0 
449 0 391 223 63 131 0 0 
450 0 391 223 63 128 0 0 
451 0 390 222 63 126 0 0 
452 0 389 221 63 124 0 0 
453 0 389 221 63 121 0 0 
454 0 388 221 63 120 0 0 
455 0 387 221 63 119 0 0 
456 0 387 221 63 118 0 0 
457 0 386 221 63 117 0 0 
458 0 386 222 63 116 0 0 
459 0 384 220 63 116 0 0 
460 0 383 219 63 116 0 0 
461 0 382 218 63 116 0 0 
462 0 381 217 63 116 0 0 
463 0 378 207 62 125 0 0 
464 0 376 197 61 134 0 0 
465 0 374 188 60 143 0 0 
466 0 370 180 60 151 0 0 
467 0 367 172 60 159 0 0 
468 0 359 167 61 172 0 0 
469 0 352 162 61 186 0 0 
470 0 345 158 62 199 0 0 
471 0 338 154 63 203 0 0 
472 0 331 150 65 208 0 0 
473 0 325 147 66 212 0 0 
474 0 318 146 69 225 0 0 
475 0 312 145 72 238 0 0 
476 0 305 144 76 251 0 0 
477 0 299 144 79 263 0 0 
478 0 290 132 90 299 0 0 
479 0 281 120 101 336 0 0 
480 0 273 109 112 372 0 0 
481 0 274 100 124 403 0 0 
482 0 275 91 137 435 0 0 
483 0 276 82 149 467 0 0 
484 0 277 74 162 498 0 0 
485 0 273 74 162 507 0 0 
486 0 270 75 161 515 0 0 
487 0 267 76 160 523 0 0 
488 0 273 85 167 514 0 0 
489 0 279 94 175 505 0 0 
490 0 279 131 175 468 0 0 
491 0 279 143 175 456 0 0 
492 0 279 147 175 452 0 0 
493 0 279 151 175 448 0 0 
494 0 279 155 175 444 0 0 
495 0 279 159 175 440 0 0 
496 0 279 163 175 436 0 0 
497 0 279 167 175 432 0 0 
