7 0 356 159 45 109 8.419968
20 0 353 145 63 155 5.098025
23 0 347 145 63 155 2.578939
24 0 340 145 63 155 5.622514
26 0 334 145 63 155 9.600453
27 0 328 145 63 155 6.924392
28 0 328 145 63 155 17.757843
29 0 328 145 63 155 15.086333
30 0 315 138 69 168 3.986734
31 0 316 145 63 155 11.892053
32 0 316 145 63 155 11.178963
33 0 308 138 69 168 5.216265
34 0 302 138 69 168 12.234449
35 0 302 138 69 168 10.842077
36 0 288 138 69 168 11.214751
37 0 288 131 69 168 10.936798
38 0 295 138 69 168 15.057833
39 0 295 138 69 168 14.852573
40 0 295 138 69 168 11.273670
43 0 295 131 69 168 7.406567
44 0 291 139 63 155 6.306028
45 0 285 128 75 183 9.853638
165 0 564 122 41 100 7.012200
169 0 452 320 45 109 4.435985
170 0 584 114 41 100 16.563623
172 0 588 114 41 100 5.136298
189 0 344 326 41 100 12.768655
190 0 340 326 41 100 4.593231
192 0 332 330 41 100 8.904017
193 0 328 330 41 100 2.950076
196 0 328 334 41 100 -0.471699
201 0 328 334 41 100 12.474310
213 0 317 346 45 109 1.091962
262 0 323 371 58 142 5.599375
415 0 492 100 137 333 9.374909
427 0 471 220 82 200 8.596709
429 0 460 213 89 217 10.784493
430 0 460 222 89 217 13.051294
431 0 460 222 89 217 16.077103
432 0 463 228 82 200 30.725758
433 0 463 228 82 200 21.650936
434 0 460 222 89 217 12.423527
435 0 463 228 82 200 16.174643
436 0 463 228 82 200 14.637842
437 0 463 228 82 200 7.846008
438 0 461 230 75 183 6.146664
439 0 461 230 75 183 7.747691
441 0 461 230 75 183 8.160509
442 0 461 230 75 183 7.903213
443 0 463 228 82 200 7.912803
444 0 461 230 75 183 8.106411
445 0 461 230 75 183 6.123640
446 0 461 230 75 183 7.516801
447 0 461 230 75 183 7.909148
454 0 461 230 75 183 11.329865
457 0 461 230 75 183 7.513676
460 0 461 230 75 183 9.192101
461 0 461 230 75 183 7.911362
464 0 461 230 75 183 9.834592
465 0 461 230 75 183 10.567584
466 0 461 230 75 183 11.880954
468 0 461 230 75 183 10.309316
470 0 461 230 75 183 7.309873
471 0 461 230 75 183 9.051120
472 0 463 228 82 200 7.580499
476 0 460 222 89 217 7.433629
478 0 463 228 82 200 10.549251
479 0 463 228 82 200 4.155116
495 0 466 141 126 307 20.200235
496 0 466 129 126 307 40.834858
497 0 466 116 126 307 42.711086
498 0 466 116 126 307 45.367401
499 0 452 100 137 333 38.660061
500 0 452 100 137 333 21.901331
501 0 452 100 137 333 13.061926
502 0 438 100 137 333 15.716698
503 0 438 100 137 333 1.619969
504 0 429 116 126 307 1.683052
566 0 286 33 228 556 0.054939
567 0 645 70 53 129 5.699227
569 0 652 122 41 100 9.546644
570 0 652 122 41 100 5.765450
575 0 652 122 41 100 4.068744
581 0 652 122 41 100 4.820051
582 0 652 122 41 100 8.772108
