101 0 156 219 85 95
102 0 155 219 85 96
103 0 155 218 86 96
104 0 154 224 86 88
106 0 156 221 86 92
107 0 155 222 86 91
108 0 155 221 89 93
109 0 156 223 85 94
111 0 138 213 107 123
113 0 138 214 110 124
114 0 139 213 110 126
115 0 144 214 107 125
116 0 145 213 107 125
117 0 144 214 110 124
118 0 146 214 108 125
119 0 182 216 77 92
119 1 135 225 121 137
120 0 182 216 78 92
120 1 134 225 122 137
121 0 182 216 78 92
121 1 132 224 123 138
122 0 129 218 125 147
123 0 130 218 122 150
124 0 135 212 112 133
125 0 131 214 113 129
126 0 130 216 112 123
128 0 130 214 111 127
129 0 95 223 131 142
130 0 91 221 136 150
131 0 89 220 141 150
132 0 92 219 136 149
133 0 82 218 146 156
134 0 74 218 157 152
135 0 71 219 160 150
136 0 68 222 162 151
137 0 67 222 162 154
138 0 65 223 165 154
139 0 61 222 166 155
140 0 60 224 168 152
144 0 99 215 110 119
145 0 13 223 184 160
147 0 78 217 119 115
148 0 15 220 175 161
149 0 75 212 116 122
150 0 41 213 134 124
151 0 29 215 140 119
152 0 19 210 142 130
153 0 21 209 132 133
154 0 12 208 131 176
155 0 4 207 131 181
156 0 4 208 128 133
157 0 6 203 116 133
158 0 1 206 115 184
159 0 0 203 106 187
160 0 0 206 106 177
161 0 0 208 105 173
162 0 1 204 91 184
165 0 2 204 69 186
183 0 2 203 108 192
184 0 0 201 125 196
185 0 2 209 132 174
186 0 7 202 132 190
187 0 21 215 138 119
188 0 34 218 144 120
193 0 22 225 237 211
194 0 12 219 272 235
196 0 37 217 286 240
197 0 40 224 299 226
198 0 120 233 209 197
199 0 129 237 207 195
200 0 164 235 195 188
201 0 171 226 198 198
202 0 186 230 187 202
203 0 184 250 185 202
204 0 186 229 190 205
205 0 188 230 187 197
206 0 190 227 183 205
207 0 187 235 188 194
208 0 191 237 181 185
209 0 195 235 178 186
210 0 197 233 173 187
211 0 198 233 170 190
212 0 200 236 171 182
213 0 214 240 171 172
214 0 217 231 168 182
215 0 222 237 161 163
216 0 226 238 160 162
217 0 231 241 157 156
218 0 238 241 151 156
219 0 241 241 150 159
220 0 247 238 150 161
221 0 246 236 150 164
222 0 243 237 149 162
223 0 242 238 147 162
224 0 246 237 152 163
225 0 248 237 151 162
226 0 248 238 152 161
227 0 250 236 153 163
228 0 250 237 148 162
229 0 253 240 146 156
230 0 257 240 142 156
231 0 269 238 148 161
232 0 274 230 140 145
233 0 272 239 148 157
234 0 279 240 145 154
235 0 280 241 150 153
236 0 283 242 148 153
237 0 287 241 146 154
238 0 288 243 147 151
239 0 290 238 148 161
240 0 301 229 144 149
241 0 302 227 142 154
242 0 302 229 143 152
243 0 302 228 141 153
244 0 303 228 141 153
245 0 302 227 141 154
246 0 301 229 143 152
247 0 303 230 140 149
248 0 302 230 141 150
249 0 302 230 142 151
250 0 302 230 141 150
251 0 302 230 141 149
252 0 304 230 138 149
253 0 301 229 142 152
254 0 302 230 141 150
255 0 302 229 141 150
256 0 302 229 141 150
257 0 303 229 140 151
258 0 303 231 141 148
259 0 301 239 143 159
260 0 301 241 141 155
261 0 304 230 141 151
262 0 304 230 140 150
263 0 305 231 141 149
264 0 311 241 148 156
265 0 314 226 142 149
266 0 316 242 143 152
267 0 317 240 152 155
268 0 318 225 149 158
269 0 321 241 151 154
270 0 320 246 153 144
271 0 322 243 154 151
272 0 326 242 154 152
273 0 327 241 157 155
274 0 331 240 155 155
275 0 335 242 153 152
276 0 338 238 150 160
277 0 351 237 157 164
278 0 349 238 160 160
279 0 354 238 158 159
280 0 359 240 159 154
281 0 361 239 156 157
282 0 364 240 155 156
283 0 368 238 162 161
284 0 372 233 160 171
285 0 395 238 158 162
286 0 392 238 166 162
287 0 397 234 167 170
288 0 404 234 167 171
289 0 407 233 178 176
290 0 421 232 188 181
291 0 425 229 188 187
292 0 433 226 192 191
293 0 434 222 207 202
294 0 451 221 216 205
295 0 452 217 222 213
296 0 453 222 240 203
297 0 464 225 230 199
298 0 464 221 230 206
299 0 453 216 249 215
300 0 451 219 246 214
301 0 454 221 246 207
302 0 460 220 236 211
303 0 461 220 235 211
304 0 480 225 241 209
305 0 477 224 246 210
306 0 475 225 249 211
307 0 478 224 250 210
308 0 483 225 248 211
309 0 474 224 274 223
310 0 474 228 286 214
311 0 499 223 282 228
312 0 504 225 277 222
313 0 512 226 265 221
314 0 527 228 254 216
315 0 517 236 274 187
412 0 111 215 42 53
414 0 79 220 73 85
415 0 74 215 54 59
416 0 53 215 72 59
417 0 40 212 73 62
418 0 13 209 115 118
419 0 2 212 71 55
420 0 2 211 58 60
421 0 0 207 43 66
449 0 581 216 217 306
450 0 578 238 217 313
451 0 533 229 251 276
452 0 538 228 242 281
453 0 534 229 244 283
454 0 521 254 273 282
455 0 523 235 264 268
457 0 488 241 172 239
458 0 483 238 161 249
459 0 482 248 155 230
460 0 461 247 154 234
461 0 445 242 158 243
462 0 444 247 152 228
463 0 429 253 144 222
464 0 412 248 149 228
465 0 407 249 150 227
466 0 402 275 140 241
467 0 380 248 145 226
468 0 392 218 91 91
468 1 367 250 151 223
469 0 362 238 144 237
470 0 339 230 149 263
471 0 335 230 149 260
472 0 334 236 147 244
473 0 335 239 147 240
474 0 334 239 152 247
475 0 335 244 150 235
476 0 338 235 145 247
477 0 334 231 149 260
478 0 365 221 84 88
478 1 323 290 151 267
479 0 369 221 83 90
479 1 321 294 155 256
480 0 369 218 83 92
480 1 324 295 153 258
481 0 325 296 149 254
482 0 329 238 150 244
483 0 342 231 137 207
483 1 326 302 146 243
484 0 344 231 137 205
484 1 326 300 147 247
485 0 340 228 140 209
486 0 337 229 141 214
487 0 338 232 139 203
487 1 326 300 144 248
488 0 340 229 134 207
489 0 339 228 138 209
490 0 343 231 135 206
490 1 333 307 135 235
491 0 345 231 132 201
491 1 333 303 136 245
492 0 344 231 133 202
492 1 330 301 140 246
493 0 347 232 130 203
494 0 344 233 133 202
495 0 346 232 132 201
496 0 349 231 130 202
496 1 331 289 141 267
497 0 347 257 130 210
498 0 355 234 123 194
499 0 374 222 83 98
499 1 346 288 132 218
500 0 375 219 84 99
500 1 357 237 121 189
501 0 370 235 112 194
502 0 387 216 71 104
502 1 367 265 117 194
503 0 370 225 118 208
504 0 373 229 117 202
505 0 373 231 117 202
506 0 374 227 115 208
507 0 370 293 122 203
508 0 371 291 123 210
509 0 370 289 128 211
510 0 376 232 122 196
511 0 374 286 125 220
512 0 401 218 77 93
512 1 373 282 126 223
513 0 400 216 79 100
513 1 379 267 121 194
514 0 379 266 122 193
515 0 380 264 120 197
516 0 380 265 121 197
517 0 381 237 122 189
518 0 377 265 126 196
519 0 401 215 78 102
519 1 378 268 124 189
520 0 380 265 122 196
521 0 380 267 121 192
522 0 379 266 123 194
523 0 381 234 121 193
524 0 377 265 124 195
525 0 377 263 125 199
526 0 378 263 124 199
527 0 377 260 125 204
528 0 377 264 125 195
529 0 377 261 125 202
530 0 376 261 127 202
531 0 377 261 125 203
532 0 377 260 126 205
533 0 377 262 126 202
534 0 0 61 304 532
534 1 379 262 123 202
535 0 375 259 128 209
536 0 0 67 399 514
536 1 375 258 128 207
537 0 0 54 374 545
537 1 370 250 135 223
538 0 0 55 382 540
538 1 370 245 133 234
539 0 74 71 314 513
539 1 369 245 131 240
540 0 49 0 358 530
540 1 373 283 130 287
541 0 103 40 318 512
541 1 372 240 133 239
542 0 117 15 323 510
542 1 375 231 129 198
543 0 181 21 254 502
543 1 375 252 128 220
544 0 196 16 234 508
544 1 378 253 125 217
545 0 197 37 234 461
545 1 378 235 126 191
546 0 208 89 209 493
546 1 377 227 123 201
547 0 191 102 233 468
547 1 376 227 125 201
548 0 376 228 126 204
548 1 187 154 241 420
549 0 375 233 128 190
549 1 173 168 263 399
550 0 377 229 128 194
550 1 144 192 272 396
551 0 376 231 127 194
551 1 159 201 250 384
552 0 377 232 129 188
552 1 164 208 236 379
553 0 378 232 127 196
553 1 169 228 228 352
554 0 161 231 240 345
554 1 381 272 121 247
555 0 379 266 126 192
555 1 148 227 253 352
556 0 382 266 119 193
556 1 145 231 254 341
557 0 380 262 123 204
557 1 145 223 253 350
558 0 377 259 127 212
558 1 142 216 253 363
559 0 387 227 111 154
559 1 155 206 228 327
559 2 379 274 123 242
560 0 379 257 124 215
560 1 131 234 273 331
561 0 117 231 303 338
561 1 377 278 124 237
562 0 101 240 331 323
562 1 376 279 125 234
563 0 76 225 315 354
563 1 377 277 123 236
564 0 80 223 309 357
564 1 377 276 122 238
565 0 381 258 121 212
565 1 108 240 321 323
566 0 114 239 310 325
566 1 382 283 119 223
567 0 112 238 314 326
567 1 386 278 116 234
568 0 384 261 118 203
568 1 107 237 325 328
569 0 385 260 117 204
569 1 108 237 324 330
570 0 384 256 118 212
570 1 112 235 314 333
571 0 384 258 118 207
571 1 110 236 318 332
572 0 384 259 118 208
572 1 111 236 317 331
573 0 113 234 312 337
573 1 387 282 112 228
574 0 116 234 307 336
574 1 387 285 113 220
575 0 385 261 117 205
575 1 114 234 310 336
576 0 384 261 118 203
576 1 112 234 315 337
577 0 121 236 294 331
577 1 386 287 115 216
578 0 121 236 296 331
579 0 386 229 112 149
579 1 124 237 290 331
580 0 386 229 111 150
580 1 126 239 286 323
581 0 385 263 116 200
581 1 129 239 281 321
582 0 385 229 114 147
582 1 127 237 283 325
583 0 388 260 112 203
583 1 126 237 284 324
584 0 387 260 113 205
584 1 122 235 289 326
585 0 388 259 111 207
585 1 127 238 284 322
586 0 388 259 111 209
586 1 130 235 277 325
587 0 388 259 112 207
587 1 130 235 277 325
588 0 382 235 124 189
588 1 145 224 258 297
589 0 385 234 123 192
589 1 144 230 264 284
590 0 399 228 109 151
591 0 402 228 107 154
591 1 149 227 257 290
592 0 404 227 102 157
593 0 396 228 116 203
594 0 396 235 118 186
595 0 396 233 118 192
595 1 185 230 256 282
596 0 394 236 123 187
596 1 222 241 175 245
597 0 403 232 108 146
597 1 225 245 172 235
598 0 396 236 119 184
598 1 225 245 172 236
599 0 396 236 119 189
599 1 222 239 177 248
600 0 399 236 116 186
600 1 220 232 179 261
601 0 399 236 115 186
601 1 224 235 173 255
602 0 399 235 116 189
602 1 225 236 173 253
603 0 398 237 117 185
603 1 224 235 173 257
604 0 397 235 117 189
604 1 222 231 175 265
605 0 400 234 112 189
605 1 222 226 176 274
606 0 397 232 113 196
606 1 224 224 173 276
607 0 397 233 112 190
607 1 225 224 172 277
608 0 393 234 115 189
608 1 226 227 170 270
609 0 395 233 112 189
609 1 227 227 167 271
610 0 392 234 115 188
610 1 226 227 170 269
611 0 392 235 114 188
611 1 226 230 171 262
612 0 390 234 116 186
612 1 226 232 171 257
613 0 390 231 116 190
613 1 226 230 173 262
614 0 391 230 114 192
614 1 225 231 175 258
615 0 404 226 99 156
615 1 227 230 171 258
616 0 393 231 110 189
616 1 225 228 174 263
617 0 393 231 111 191
617 1 227 228 170 260
618 0 391 229 113 193
618 1 230 230 168 259
619 0 394 229 108 196
619 1 229 234 172 251
620 0 404 226 95 158
620 1 230 231 171 254
621 0 405 225 97 159
621 1 229 229 170 257
622 0 404 227 97 156
622 1 229 228 171 260
623 0 405 225 97 160
623 1 229 229 170 255
624 0 391 230 112 193
624 1 228 229 171 254
625 0 392 229 111 195
625 1 228 230 172 253
626 0 392 228 111 196
626 1 229 229 171 257
627 0 391 228 114 196
627 1 230 230 169 256
628 0 392 228 113 195
628 1 229 228 170 258
629 0 392 229 111 194
629 1 228 229 170 257
630 0 392 229 112 195
630 1 229 231 170 253
631 0 393 230 110 191
631 1 228 231 171 254
632 0 392 228 113 196
632 1 229 230 170 258
633 0 393 229 111 193
633 1 227 229 172 258
634 0 393 230 111 192
634 1 228 230 171 256
635 0 392 228 111 196
635 1 228 231 170 252
636 0 393 227 112 199
636 1 228 230 172 255
637 0 394 229 110 194
637 1 228 229 172 257
638 0 393 227 111 198
638 1 227 230 172 256
639 0 392 226 112 200
639 1 228 230 172 256
640 0 394 228 111 196
640 1 227 228 172 260
641 0 392 229 112 194
641 1 228 230 172 256
642 0 392 229 112 193
642 1 227 229 172 257
643 0 393 229 112 193
643 1 227 229 173 258
644 0 391 229 114 195
644 1 227 230 173 257
645 0 392 229 112 193
645 1 227 230 172 257
646 0 392 230 112 193
646 1 228 232 172 253
647 0 392 229 113 194
647 1 227 229 173 257
648 0 406 223 95 162
648 1 228 228 171 259
649 0 392 229 112 193
649 1 228 231 171 253
650 0 392 228 112 194
650 1 227 230 173 258
651 0 392 229 113 193
651 1 227 230 174 257
652 0 391 229 113 193
652 1 227 230 172 256
653 0 393 228 112 196
653 1 227 230 172 256
654 0 393 228 112 195
654 1 227 229 172 256
655 0 406 225 95 160
655 1 228 230 172 256
656 0 392 228 113 195
656 1 228 230 172 256
657 0 394 227 111 197
657 1 227 230 172 257
658 0 392 227 113 198
658 1 228 229 172 258
659 0 391 227 114 197
659 1 228 229 172 259
660 0 391 229 113 195
660 1 227 230 173 256
661 0 406 225 95 158
661 1 228 229 172 259
662 0 392 228 113 197
662 1 228 229 172 259
663 0 392 229 112 195
663 1 228 230 172 255
