0 0 202 219 47 97 1 0 
1 0 202 219 47 97 1 0 
2 0 202 219 47 97 1 0 
3 0 202 219 47 97 1 0 
4 0 202 219 47 97 1 0 
5 0 202 219 47 97 1 0 
6 0 202 219 47 97 1 0 
7 0 202 219 47 97 1 0 
8 0 202 219 47 97 1 0 
9 0 202 219 47 97 1 0 
10 0 202 219 47 97 1 0 
11 0 202 219 47 97 1 0 
12 0 202 219 47 97 1 0 
13 0 202 219 47 97 1 0 
14 0 202 219 47 97 1 0 
15 0 202 219 47 97 1 0 
16 0 202 219 47 97 1 0 
17 0 202 219 47 97 1 0 
18 0 202 219 47 97 1 0 
19 0 202 219 47 97 1 0 
20 0 202 219 47 97 1 0 
21 0 202 219 47 97 1 0 
22 0 202 219 47 97 1 0 
23 0 202 219 47 97 1 0 
24 0 202 219 47 97 1 0 
25 0 202 219 47 97 1 0 
26 0 202 219 47 97 1 0 
27 0 202 219 47 97 1 0 
28 0 202 219 47 97 1 0 
29 0 202 219 47 97 1 0 
30 0 202 219 47 97 1 0 
31 0 202 219 47 97 1 0 
32 0 202 219 47 97 1 0 
33 0 202 219 47 97 1 0 
34 0 202 219 47 97 1 0 
35 0 202 219 47 97 1 0 
36 0 202 219 47 97 1 0 
37 0 202 219 47 97 1 0 
38 0 202 219 47 97 1 0 
39 0 202 219 47 97 1 0 
40 0 202 219 47 97 1 0 
41 0 202 219 47 97 1 0 
42 0 202 219 47 97 1 0 
43 0 202 219 47 97 1 0 
44 0 202 219 47 97 1 0 
45 0 202 219 47 97 1 0 
46 0 202 219 47 97 1 0 
47 0 202 219 47 97 1 0 
48 0 202 219 47 97 1 0 
49 0 202 219 47 97 1 0 
50 0 202 219 47 97 1 0 
51 0 202 219 47 97 1 0 
52 0 202 219 47 97 1 0 
53 0 202 219 47 97 1 0 
54 0 202 219 47 97 1 0 
55 0 202 219 47 97 1 0 
56 0 202 219 47 97 1 0 
57 0 202 219 47 97 1 0 
58 0 202 219 47 97 1 0 
59 0 202 219 47 97 1 0 
60 0 202 219 47 97 1 0 
61 0 202 219 47 97 1 0 
62 0 202 219 47 97 1 0 
63 0 202 219 47 97 1 0 
64 0 202 219 47 97 1 0 
65 0 202 219 47 97 1 0 
66 0 202 219 47 97 1 0 
67 0 202 219 47 97 1 0 
68 0 202 219 47 97 1 0 
69 0 202 219 47 97 1 0 
70 0 202 219 47 97 1 0 
71 0 202 219 47 97 1 0 
72 0 202 219 47 97 1 0 
73 0 202 219 47 97 1 0 
74 0 202 219 47 97 1 0 
75 0 202 219 47 97 1 0 
76 0 202 219 47 97 1 0 
77 0 202 219 47 97 1 0 
78 0 202 219 47 97 1 0 
79 0 202 219 47 97 0 1 
80 0 202 219 47 97 0 1 
81 0 202 219 47 97 0 1 
82 0 202 219 47 97 0 1 
83 0 202 219 47 97 0 1 
84 0 202 219 47 97 0 1 
85 0 202 219 47 97 0 0 
86 0 205 219 47 97 0 0 
87 0 209 219 47 97 0 0 
88 0 212 219 47 97 0 0 
89 0 216 220 47 97 0 0 
90 0 219 220 47 97 0 0 
91 0 223 220 47 97 0 0 
92 0 227 221 47 97 0 0 
93 0 230 221 47 96 0 0 
94 0 233 221 47 96 0 0 
95 0 236 221 47 96 0 0 
96 0 240 221 47 95 0 0 
97 0 243 221 47 95 0 0 
98 0 246 221 47 95 0 0 
99 0 250 222 47 94 0 0 
100 0 253 222 47 94 0 0 
101 0 256 222 47 94 0 0 
102 0 259 222 47 94 0 0 
103 0 262 222 47 94 0 0 
104 0 266 222 47 94 0 0 
105 0 269 222 47 94 0 0 
106 0 272 222 47 94 0 0 
107 0 275 222 47 94 0 0 
108 0 278 222 47 94 0 0 
109 0 282 222 47 94 0 0 
110 0 284 222 47 94 0 0 
111 0 287 222 47 95 0 0 
112 0 289 222 47 95 0 0 
113 0 292 222 47 96 0 0 
114 0 294 222 47 96 0 0 
115 0 297 222 47 97 0 0 
116 0 300 222 47 98 0 0 
117 0 302 221 48 98 0 0 
118 0 305 221 48 98 0 0 
119 0 308 221 48 98 0 0 
120 0 311 221 48 98 0 0 
121 0 314 221 48 98 0 0 
122 0 317 221 49 98 0 0 
123 0 319 221 50 98 0 0 
124 0 322 221 50 98 0 0 
125 0 325 221 50 98 0 0 
126 0 328 221 50 98 0 0 
127 0 331 221 50 98 0 0 
128 0 334 221 51 98 0 0 
129 0 338 221 52 100 0 0 
130 0 343 221 52 103 0 0 
131 0 347 221 53 105 0 0 
132 0 352 221 53 108 0 0 
133 0 356 221 54 110 0 0 
134 0 361 221 54 113 0 0 
135 0 366 222 55 115 0 0 
136 0 365 222 55 115 0 0 
137 0 364 222 55 115 0 0 
138 0 363 222 55 115 0 0 
139 0 362 222 55 115 0 0 
140 0 362 222 55 115 0 0 
141 0 363 222 55 116 0 0 
142 0 364 223 55 117 0 0 
143 0 365 223 55 119 0 0 
144 0 366 224 55 119 0 0 
145 0 367 224 55 121 0 0 
146 0 368 225 55 122 0 0 
147 0 370 226 55 123 0 0 
148 0 370 225 57 126 0 0 
149 0 371 225 58 128 0 0 
150 0 371 224 60 131 0 0 
151 0 372 224 62 133 0 0 
152 0 373 223 63 136 0 0 
153 0 373 223 65 138 0 0 
154 0 374 222 66 141 0 0 
155 0 375 222 68 143 0 0 
156 0 377 222 68 144 0 0 
157 0 380 222 67 146 0 0 
158 0 383 223 66 147 0 0 
159 0 386 223 65 149 0 0 
160 0 388 224 65 150 0 0 
161 0 391 224 64 152 0 0 
162 0 394 225 63 153 0 0 
163 0 397 225 62 155 0 0 
164 0 400 226 62 156 0 0 
165 0 400 225 63 159 0 0 
166 0 400 225 64 161 0 0 
167 0 400 225 65 164 0 0 
168 0 400 224 66 167 0 0 
169 0 401 224 66 170 0 0 
170 0 401 224 67 172 0 0 
171 0 401 223 68 175 0 0 
172 0 401 223 69 178 0 0 
173 0 401 223 70 180 0 0 
174 0 402 223 71 183 0 0 
175 0 398 222 72 187 0 0 
176 0 394 222 73 190 0 0 
177 0 390 222 74 194 0 0 
178 0 387 222 74 197 0 0 
179 0 383 222 75 200 0 0 
180 0 379 222 76 204 0 0 
181 0 375 222 77 207 0 0 
182 0 372 222 77 211 0 0 
183 0 367 222 79 217 0 0 
184 0 362 222 82 224 0 0 
185 0 357 222 84 230 0 0 
186 0 352 222 87 237 0 0 
187 0 347 222 89 243 0 0 
188 0 342 222 92 250 0 0 
189 0 337 222 94 256 0 0 
190 0 333 222 96 263 0 0 
191 0 326 222 102 266 0 0 
192 0 319 222 108 269 0 0 
193 0 318 222 108 271 0 0 
194 0 317 223 109 273 0 0 
195 0 316 223 109 276 0 0 
196 0 316 224 109 278 0 0 
197 0 320 224 105 273 0 0 
198 0 319 224 106 274 0 0 
199 0 318 224 107 275 0 0 
200 0 317 224 108 276 0 0 
201 0 316 224 109 277 0 0 
202 0 316 224 109 279 0 0 
203 0 315 224 110 280 0 0 
204 0 314 224 111 281 0 0 
205 0 313 224 112 282 0 0 
206 0 313 224 112 284 0 0 
207 0 312 224 113 285 0 0 
208 0 311 224 114 286 0 0 
209 0 310 224 115 287 0 0 
210 0 310 224 115 289 0 0 
211 0 310 224 115 290 0 0 
212 0 310 224 115 291 0 0 
213 0 311 224 115 293 0 0 
214 0 311 224 115 294 0 0 
215 0 311 224 115 295 0 0 
216 0 312 224 115 297 0 0 
217 0 312 224 115 298 0 0 
218 0 312 224 115 299 0 0 
219 0 313 224 115 301 0 0 
220 0 313 224 115 302 0 0 
221 0 313 224 115 303 0 0 
222 0 314 224 115 305 0 0 
223 0 314 223 115 305 0 0 
224 0 314 223 115 304 0 0 
225 0 314 222 115 305 0 0 
226 0 314 222 115 304 0 0 
227 0 314 221 115 304 0 0 
228 0 314 221 115 304 0 0 
229 0 314 220 115 304 0 0 
230 0 314 220 115 303 0 0 
231 0 314 219 115 304 0 0 
232 0 314 219 115 303 0 0 
233 0 314 218 115 304 0 0 
234 0 314 218 115 303 0 0 
235 0 314 217 115 303 0 0 
236 0 314 217 115 303 0 0 
237 0 314 216 115 303 0 0 
238 0 314 216 115 302 0 0 
239 0 314 215 115 303 0 0 
240 0 314 215 115 302 0 0 
241 0 314 215 115 302 0 0 
242 0 314 214 115 302 0 0 
243 0 314 214 115 301 0 0 
244 0 314 213 115 302 0 0 
245 0 314 213 115 301 0 0 
246 0 314 212 115 301 0 0 
247 0 314 212 115 301 0 0 
248 0 314 211 115 301 0 0 
249 0 314 211 115 300 0 0 
250 0 314 210 115 301 0 0 
251 0 314 210 115 300 0 0 
252 0 314 209 115 301 0 0 
253 0 314 209 115 300 0 0 
254 0 314 208 115 300 0 0 
255 0 314 208 115 300 0 0 
256 0 314 207 115 300 0 0 
257 0 314 207 115 299 0 0 
258 0 314 206 115 300 0 0 
259 0 314 206 115 299 0 0 
260 0 314 206 115 299 0 0 
261 0 314 191 115 315 0 0 
262 0 314 177 115 330 0 0 
263 0 314 163 115 345 0 0 
264 0 314 139 115 369 0 0 
265 0 314 122 117 386 0 0 
266 0 314 105 119 403 0 0 
267 0 314 88 121 420 0 0 
268 0 314 81 121 427 0 0 
269 0 314 74 121 434 0 0 
270 0 316 75 122 434 0 0 
271 0 318 76 124 434 0 0 
272 0 320 78 125 434 0 0 
273 0 322 79 127 434 0 0 
274 0 324 80 128 434 0 0 
275 0 326 82 130 434 0 0 
276 0 338 81 130 427 0 0 
277 0 351 81 130 420 0 0 
278 0 363 81 130 412 0 0 
279 0 376 81 130 405 0 0 
280 0 384 81 130 405 0 0 
281 0 392 81 130 405 0 0 
282 0 400 81 130 405 0 0 
283 0 417 77 130 405 0 0 
284 0 434 73 130 405 0 0 
285 0 451 69 130 405 0 0 
286 0 468 65 130 405 0 0 
287 0 483 62 130 414 0 0 
288 0 498 59 130 423 0 0 
289 0 513 57 130 431 0 0 
290 0 528 54 130 440 0 0 
291 0 543 52 130 448 0 0 
292 0 554 49 146 463 0 0 
293 0 566 46 161 479 0 0 
294 0 578 44 177 494 0 0 
295 0 595 37 168 506 0 0 
296 0 612 31 160 518 0 0 
297 0 629 24 152 531 0 0 
298 0 646 18 144 543 0 0 
299 0 663 12 136 555 0 0 
300 0 673 13 126 555 0 1 
301 0 696 14 103 555 0 1 
302 0 719 15 80 555 0 1 
303 0 742 16 57 555 0 1 
304 0 766 17 33 555 1 1 
305 0 766 17 33 555 1 0 
306 0 765 16 34 556 1 0 
307 0 765 16 34 556 1 0 
308 0 764 16 35 556 1 0 
309 0 764 16 35 557 1 0 
310 0 764 16 35 557 1 0 
311 0 763 15 36 558 1 0 
312 0 763 15 36 559 1 0 
313 0 763 15 36 559 1 0 
314 0 762 15 37 559 1 0 
315 0 762 15 37 559 1 0 
316 0 762 14 37 561 1 0 
317 0 761 14 38 561 1 0 
318 0 761 14 38 561 1 0 
319 0 761 14 38 562 1 0 
320 0 760 14 39 562 1 0 
321 0 760 14 39 562 1 0 
322 0 760 13 39 563 1 0 
323 0 759 13 40 564 1 0 
324 0 759 13 40 564 1 0 
325 0 758 13 41 564 1 0 
326 0 758 13 41 565 1 0 
327 0 758 12 41 566 1 0 
328 0 757 12 42 566 1 0 
329 0 757 12 42 566 1 0 
330 0 757 12 42 567 1 0 
331 0 756 12 43 567 1 0 
332 0 756 11 43 568 1 0 
333 0 756 11 43 569 1 0 
334 0 755 11 44 569 1 0 
335 0 755 11 44 569 1 0 
336 0 755 11 44 569 1 0 
337 0 754 11 45 570 1 0 
338 0 754 10 45 571 1 0 
339 0 754 10 45 571 1 0 
340 0 753 10 46 572 1 0 
341 0 753 10 46 572 1 0 
342 0 752 10 47 572 1 0 
343 0 752 9 47 573 1 0 
344 0 752 9 47 574 1 0 
345 0 751 9 48 574 1 0 
346 0 751 9 48 574 1 0 
347 0 751 9 48 575 1 0 
348 0 750 8 49 576 1 0 
349 0 750 8 49 576 1 0 
350 0 750 8 49 576 1 0 
351 0 749 8 50 577 1 0 
352 0 749 8 50 577 1 0 
353 0 749 8 50 577 1 0 
354 0 748 7 51 579 1 0 
355 0 748 7 51 579 1 0 
356 0 748 7 51 579 1 0 
357 0 747 7 52 579 1 0 
358 0 747 7 52 580 1 0 
359 0 747 6 52 581 1 0 
360 0 746 6 53 581 1 0 
361 0 746 6 53 582 1 0 
362 0 745 6 54 582 1 0 
363 0 745 6 54 582 1 0 
364 0 745 5 54 583 1 0 
365 0 744 5 55 584 1 0 
366 0 744 5 55 584 1 0 
367 0 744 5 55 584 1 0 
368 0 743 5 56 585 1 0 
369 0 743 5 56 585 1 0 
370 0 743 4 56 586 1 0 
371 0 742 4 57 586 1 0 
372 0 742 4 57 587 1 0 
373 0 742 4 57 587 1 0 
374 0 741 4 58 587 1 0 
375 0 741 3 58 589 1 0 
376 0 741 3 58 589 1 0 
377 0 740 3 59 589 1 0 
378 0 740 3 59 589 1 0 
379 0 739 3 60 590 1 0 
380 0 739 2 60 591 1 0 
381 0 739 2 60 591 1 0 
382 0 738 2 61 592 1 0 
383 0 738 2 61 592 1 0 
384 0 738 2 61 592 1 0 
385 0 737 2 62 592 1 0 
386 0 737 1 62 594 1 0 
387 0 737 1 62 594 1 0 
388 0 736 1 63 594 1 0 
389 0 736 1 63 595 1 0 
390 0 736 1 63 595 1 0 
391 0 735 0 64 596 1 0 
392 0 735 0 64 596 1 0 
393 0 735 0 64 597 1 0 
394 0 734 0 65 597 1 0 
395 0 734 0 65 597 1 0 
396 0 734 0 65 598 0 1 
397 0 705 1 94 584 0 1 
398 0 681 11 118 570 0 1 
399 0 658 22 141 555 0 1 
400 0 636 37 163 533 0 0 
401 0 622 45 177 521 0 0 
402 0 609 54 190 509 0 0 
403 0 596 63 203 497 0 0 
404 0 587 65 196 497 0 0 
405 0 578 67 189 497 0 0 
406 0 569 69 182 497 0 0 
407 0 561 71 175 497 0 0 
408 0 551 69 170 490 0 0 
409 0 542 67 165 483 0 0 
410 0 533 65 160 476 0 0 
411 0 523 63 155 469 0 0 
412 0 514 61 150 462 0 0 
413 0 505 59 145 456 0 0 
414 0 499 72 145 438 0 0 
415 0 493 86 145 420 0 0 
416 0 487 100 145 401 0 0 
417 0 481 114 145 383 0 0 
418 0 475 128 145 364 0 0 
419 0 469 142 145 346 0 0 
420 0 469 157 138 331 0 0 
421 0 469 173 131 315 0 0 
422 0 469 189 125 299 0 0 
423 0 467 201 129 283 0 0 
424 0 465 213 134 268 0 0 
425 0 463 215 139 262 0 0 
426 0 462 217 143 257 0 0 
427 0 461 215 143 257 0 0 
428 0 460 213 143 257 0 0 
429 0 459 211 143 257 0 0 
430 0 458 209 143 257 0 0 
431 0 458 213 143 255 0 0 
432 0 458 218 143 252 0 0 
433 0 458 216 143 255 0 0 
434 0 458 215 143 258 0 0 
435 0 458 214 143 261 0 0 
436 0 458 215 143 262 0 0 
437 0 458 217 143 262 0 0 
438 0 458 220 143 262 0 0 
439 0 458 219 143 263 0 0 
440 0 458 219 143 263 0 0 
441 0 458 219 143 263 0 0 
442 0 458 219 143 263 0 0 
443 0 458 219 143 263 0 0 
444 0 458 219 143 263 0 0 
445 0 458 219 143 262 0 0 
446 0 458 219 143 262 0 0 
447 0 458 219 143 262 0 0 
448 0 458 219 143 262 0 0 
449 0 458 219 143 262 0 0 
450 0 458 219 143 262 0 0 
451 0 458 219 143 262 0 0 
452 0 458 220 143 261 0 0 
453 0 458 220 143 261 0 0 
454 0 458 220 143 261 0 0 
455 0 458 220 143 261 0 0 
456 0 458 220 143 261 0 0 
457 0 458 220 143 261 0 0 
458 0 458 220 143 261 0 0 
459 0 458 221 143 260 0 0 
460 0 458 221 143 260 0 0 
461 0 458 221 143 260 0 0 
462 0 458 221 143 260 0 0 
463 0 458 221 143 260 0 0 
464 0 458 221 143 260 0 0 
465 0 458 221 143 260 0 0 
466 0 458 222 143 259 0 0 
467 0 458 222 143 259 0 0 
468 0 458 222 143 259 0 0 
469 0 458 222 143 259 0 0 
470 0 458 222 143 259 0 0 
471 0 458 222 143 259 0 0 
472 0 458 222 143 259 0 0 
473 0 458 223 143 258 0 0 
474 0 458 223 143 258 0 0 
475 0 458 223 143 258 0 0 
476 0 458 223 143 258 0 0 
477 0 458 223 143 258 0 0 
478 0 458 223 143 258 0 0 
479 0 458 223 143 258 0 0 
480 0 458 224 143 257 0 0 
481 0 458 224 143 257 0 0 
482 0 458 224 143 257 0 0 
483 0 458 224 143 257 0 0 
484 0 458 224 143 257 0 0 
485 0 458 224 143 257 0 0 
486 0 458 224 143 257 0 0 
487 0 458 225 143 256 0 0 
488 0 458 225 143 255 0 0 
489 0 458 226 143 254 0 0 
490 0 458 215 143 265 0 0 
491 0 458 204 143 277 0 0 
492 0 458 193 143 288 0 0 
493 0 458 182 143 300 0 0 
494 0 458 162 143 320 0 0 
495 0 458 142 143 340 0 0 
496 0 458 122 143 360 0 0 
497 0 453 108 143 373 0 0 
498 0 448 94 143 387 0 0 
499 0 443 90 143 387 0 0 
500 0 438 86 143 387 0 0 
501 0 433 83 143 387 0 0 
502 0 424 84 143 387 0 0 
503 0 416 86 143 387 0 0 
504 0 408 88 143 387 0 0 
505 0 400 90 143 387 0 0 
506 0 386 90 143 387 0 0 
507 0 373 90 143 387 0 0 
508 0 359 90 143 387 0 0 
509 0 346 90 143 387 0 0 
510 0 338 87 143 401 0 0 
511 0 331 84 143 416 0 0 
512 0 324 81 143 430 0 0 
513 0 317 78 143 445 0 0 
514 0 310 75 143 460 0 0 
515 0 303 69 144 472 0 0 
516 0 297 63 145 485 0 0 
517 0 290 57 147 497 0 0 
518 0 284 51 148 510 0 0 
519 0 274 44 151 522 0 0 
520 0 264 37 155 534 0 0 
521 0 254 31 159 546 0 0 
522 0 244 24 162 558 0 0 
523 0 234 18 166 570 0 0 
524 0 224 11 170 582 0 0 
525 0 214 5 174 594 0 0 
526 0 199 4 182 595 0 0 
527 0 184 3 191 596 0 0 
528 0 169 2 200 597 0 0 
529 0 154 1 208 598 0 0 
530 0 139 0 217 599 0 0 
531 0 124 0 226 599 0 0 
532 0 125 0 226 599 0 0 
533 0 127 0 226 599 0 0 
534 0 129 0 226 599 0 0 
535 0 130 0 226 599 0 0 
536 0 132 0 226 599 0 0 
537 0 134 0 226 599 0 0 
538 0 135 0 226 599 0 0 
539 0 137 0 226 599 0 0 
540 0 139 0 226 599 0 0 
541 0 141 1 226 598 0 0 
542 0 144 0 226 598 0 0 
543 0 147 0 226 598 0 0 
544 0 151 0 226 598 0 0 
545 0 154 0 226 598 0 0 
546 0 158 0 226 598 0 0 
547 0 161 0 226 597 0 0 
548 0 164 0 226 597 0 0 
549 0 168 0 226 597 0 0 
550 0 171 0 226 597 0 0 
551 0 175 0 226 597 0 0 
552 0 183 0 225 596 0 0 
553 0 191 0 224 596 0 0 
554 0 199 0 223 596 0 0 
555 0 207 0 223 596 0 0 
556 0 215 0 222 596 0 0 
557 0 223 0 221 596 0 0 
558 0 231 0 221 596 0 0 
559 0 239 0 220 596 0 0 
560 0 247 0 219 596 0 0 
561 0 255 0 219 596 0 0 
562 0 263 0 218 596 0 0 
563 0 271 0 217 596 0 0 
564 0 280 0 216 596 0 0 
565 0 286 0 216 596 0 0 
566 0 292 1 216 596 0 0 
567 0 298 2 216 596 0 0 
568 0 302 0 216 595 0 0 
569 0 294 5 216 590 0 0 
570 0 287 11 216 584 0 0 
571 0 280 29 216 567 0 0 
572 0 304 34 216 565 0 0 
573 0 304 41 216 558 0 0 
574 0 304 49 216 550 0 0 
575 0 304 49 217 550 0 0 
576 0 304 49 219 550 0 0 
577 0 304 49 220 550 0 0 
578 0 304 50 222 549 0 0 
579 0 304 50 224 549 0 0 
580 0 304 50 225 549 0 0 
581 0 304 51 227 548 0 0 
582 0 304 51 228 548 0 0 
583 0 304 51 230 548 0 0 
584 0 304 52 232 547 0 0 
