110 0 310 222 40 79
131 0 318 216 52 81
132 0 318 213 51 88
133 0 320 215 49 83
134 0 324 214 54 87
135 0 328 214 54 89
136 0 327 212 58 94
137 0 330 216 57 89
138 0 329 217 60 90
139 0 337 217 57 91
140 0 339 220 59 87
141 0 340 219 59 88
142 0 343 225 63 79
143 0 344 221 66 93
144 0 343 221 68 95
145 0 357 218 48 90
146 0 358 220 48 89
147 0 361 215 56 106
148 0 366 218 58 99
149 0 368 217 61 107
150 0 372 219 64 106
151 0 379 220 60 106
152 0 382 221 63 108
153 0 384 218 69 118
154 0 398 221 56 110
155 0 380 229 75 119
156 0 381 231 74 115
157 0 382 228 73 123
158 0 390 226 71 123
159 0 400 222 70 135
160 0 404 223 73 135
161 0 413 225 71 134
162 0 418 222 72 137
163 0 416 224 79 145
164 0 415 223 89 153
165 0 442 224 84 153
166 0 448 224 86 167
167 0 453 223 86 171
168 0 451 222 93 199
169 0 468 218 103 208
170 0 474 221 104 205
171 0 503 212 102 242
172 0 492 220 162 264
173 0 529 224 149 273
174 0 530 224 162 285
176 0 569 222 230 352
177 0 577 223 222 358
178 0 590 221 209 356
179 0 587 225 212 351
180 0 596 228 202 351
181 0 597 227 202 350
182 0 591 226 208 353
183 0 596 227 203 350
184 0 599 226 200 352
185 0 599 226 200 353
186 0 598 225 201 355
187 0 596 227 203 349
188 0 593 228 202 349
189 0 595 228 199 350
190 0 652 218 145 360
191 0 599 224 192 357
192 0 595 227 199 353
193 0 606 225 188 357
194 0 653 210 145 379
195 0 600 226 192 355
196 0 602 222 190 362
197 0 602 219 187 367
198 0 601 224 188 357
199 0 595 225 197 354
200 0 600 226 193 349
201 0 598 226 197 349
202 0 597 227 199 350
203 0 598 227 198 350
204 0 578 226 220 353
205 0 584 222 215 360
206 0 578 218 218 367
207 0 571 231 223 343
208 0 572 236 222 330
209 0 567 232 227 341
211 0 530 237 253 323
212 0 521 240 254 322
213 0 519 236 260 328
214 0 516 225 163 289
215 0 506 218 150 303
216 0 504 225 157 288
217 0 500 225 146 286
218 0 491 221 140 291
219 0 470 218 140 293
220 0 464 219 134 286
221 0 457 218 135 294
222 0 438 215 120 288
223 0 427 224 123 265
224 0 425 221 122 273
225 0 419 224 126 271
226 0 423 218 102 238
227 0 400 218 111 279
228 0 391 228 120 262
229 0 384 228 125 263
230 0 387 231 117 251
231 0 377 234 117 249
232 0 382 219 93 234
233 0 362 225 105 264
234 0 362 228 105 257
235 0 384 219 86 230
236 0 383 220 88 230
237 0 383 219 87 232
238 0 384 219 86 232
239 0 362 225 105 264
240 0 383 219 86 231
241 0 383 219 86 232
242 0 383 220 87 229
243 0 383 219 87 232
244 0 383 219 87 232
245 0 383 219 87 229
246 0 383 219 87 232
247 0 360 224 108 265
248 0 360 231 109 253
249 0 360 235 108 247
250 0 349 234 114 242
251 0 343 233 118 241
252 0 342 232 120 245
253 0 341 234 121 241
254 0 342 232 119 244
255 0 342 233 119 241
256 0 340 233 121 242
257 0 341 232 121 243
258 0 342 234 120 240
259 0 340 235 120 236
260 0 346 235 111 233
261 0 358 222 91 239
262 0 356 223 94 235
263 0 350 224 110 227
264 0 355 222 107 232
265 0 344 233 129 212
266 0 334 214 144 238
267 0 330 171 138 318
268 0 336 106 129 381
269 0 338 66 129 407
270 0 336 58 137 420
271 0 362 48 124 431
272 0 380 61 115 406
274 0 400 66 135 391
275 0 410 64 119 394
276 0 425 60 110 400
277 0 442 82 137 360
278 0 449 65 129 399
279 0 461 82 148 356
280 0 452 69 172 382
281 0 503 48 207 399
282 0 551 48 210 435
283 0 613 39 186 471
284 0 651 40 148 455
285 0 669 81 130 432
286 0 692 38 107 458
290 0 573 11 226 324
292 0 547 54 241 251
293 0 563 71 235 205
294 0 576 2 213 286
295 0 598 6 193 337
296 0 581 4 212 291
297 0 596 12 188 329
298 0 591 8 192 334
299 0 589 10 191 398
300 0 594 14 188 455
301 0 594 20 205 492
302 0 592 14 191 388
303 0 598 7 187 337
304 0 598 3 187 346
305 0 544 3 233 343
308 0 656 0 141 418
309 0 656 42 133 393
310 0 657 40 131 393
311 0 658 44 129 382
312 0 666 0 130 414
355 0 662 4 137 581
356 0 603 77 195 449
357 0 571 65 215 418
358 0 545 64 194 388
359 0 522 38 167 418
360 0 486 53 185 386
361 0 472 48 177 397
362 0 444 56 194 377
363 0 418 63 211 400
364 0 413 72 139 379
365 0 380 70 128 399
366 0 377 100 118 381
367 0 369 138 115 317
368 0 374 153 108 297
369 0 377 162 101 283
370 0 380 197 95 256
371 0 379 206 95 255
372 0 378 218 96 234
373 0 378 213 95 242
374 0 377 208 95 253
375 0 368 214 99 253
376 0 376 219 97 243
377 0 378 220 93 239
378 0 378 224 94 232
379 0 367 228 101 229
380 0 368 230 100 225
381 0 368 236 96 243
382 0 368 234 100 218
383 0 371 235 94 215
384 0 370 234 96 217
385 0 370 235 97 215
386 0 370 235 97 215
387 0 369 235 98 214
388 0 371 235 95 213
389 0 370 232 96 220
390 0 370 235 97 216
391 0 371 236 95 213
392 0 371 240 95 205
393 0 371 240 94 205
394 0 369 240 90 236
395 0 374 238 89 210
396 0 381 225 87 227
397 0 383 225 84 230
398 0 380 225 108 252
399 0 384 229 103 220
400 0 388 231 101 217
401 0 408 238 90 204
402 0 411 236 91 209
403 0 422 227 87 224
404 0 423 227 87 219
405 0 426 222 86 230
406 0 426 223 90 229
407 0 425 224 94 224
408 0 436 228 95 218
409 0 444 229 90 219
410 0 440 226 91 216
411 0 439 227 87 214
412 0 441 225 83 214
413 0 440 225 85 212
414 0 437 223 87 208
415 0 436 223 87 213
416 0 435 224 90 208
417 0 440 224 90 203
418 0 446 226 84 201
419 0 450 223 82 205
420 0 462 220 70 181
421 0 459 221 73 179
422 0 460 221 73 178
423 0 460 220 73 180
424 0 453 226 79 163
425 0 450 226 79 165
426 0 447 226 78 166
427 0 445 225 81 168
428 0 446 227 79 155
429 0 443 227 82 153
430 0 441 227 84 152
431 0 441 227 84 149
432 0 440 227 83 153
433 0 436 225 84 152
434 0 436 224 82 152
435 0 437 222 81 150
436 0 434 226 80 141
437 0 435 223 80 131
438 0 434 225 78 127
439 0 431 226 78 125
440 0 435 223 73 141
441 0 441 223 59 109
442 0 428 220 68 113
443 0 428 222 63 103
444 0 423 224 61 100
445 0 419 224 60 99
446 0 410 220 59 100
447 0 400 222 49 91
448 0 395 220 56 98
449 0 399 222 52 89
450 0 398 224 56 86
451 0 398 225 54 83
452 0 398 224 52 81
453 0 398 224 52 84
454 0 399 224 50 85
455 0 398 222 51 83
456 0 399 222 50 80
457 0 399 224 50 77
458 0 392 222 53 90
459 0 392 223 54 87
460 0 390 220 57 85
461 0 387 214 59 92
462 0 386 205 59 105
463 0 381 191 60 129
464 0 382 200 49 95
465 0 378 188 49 116
466 0 376 185 47 112
467 0 370 179 50 125
468 0 356 163 58 164
469 0 354 158 55 177
470 0 345 159 57 172
471 0 339 154 59 190
472 0 329 151 65 196
473 0 324 154 67 212
474 0 312 159 75 203
475 0 304 154 81 217
476 0 305 149 78 228
477 0 304 141 75 248
478 0 298 145 83 247
479 0 272 106 110 312
480 0 276 108 106 327
481 0 262 136 156 317
482 0 270 130 145 330
483 0 270 134 149 324
484 0 272 132 153 336
485 0 267 111 203 443
486 0 257 92 226 484
487 0 255 102 224 466
488 0 244 93 245 484
489 0 246 97 246 483
490 0 249 126 293 473
491 0 245 142 301 455
492 0 238 146 310 453
493 0 239 148 311 450
494 0 261 169 277 430
495 0 261 164 274 435
496 0 262 166 276 433
497 0 264 166 271 433
