0 0 1 2 338 595 1 0 
0 1 290 219 42 82 1 0 
1 0 0 2 339 595 1 0 
1 1 290 219 42 82 1 0 
2 0 0 2 339 595 1 0 
2 1 290 219 42 82 1 0 
3 0 0 2 339 595 1 0 
3 1 290 219 42 82 1 0 
4 0 0 2 339 595 1 0 
4 1 290 219 42 82 1 0 
5 0 0 2 339 595 1 0 
5 1 290 219 42 82 1 0 
6 0 0 2 339 595 1 0 
6 1 290 219 42 82 1 0 
7 0 0 2 339 595 1 0 
7 1 290 219 42 82 1 0 
8 0 0 2 339 595 1 0 
8 1 290 219 42 82 1 0 
9 0 0 2 339 595 1 0 
9 1 290 219 42 82 1 0 
10 0 0 2 339 595 1 0 
10 1 290 219 42 82 1 0 
11 0 0 2 339 595 1 0 
11 1 290 219 42 82 1 0 
12 0 0 2 339 595 1 0 
12 1 290 219 42 82 1 0 
13 0 0 2 339 595 1 0 
13 1 290 219 42 82 1 0 
14 0 0 2 339 595 1 0 
14 1 290 219 42 82 1 0 
15 0 0 2 339 595 1 0 
15 1 290 219 42 82 1 0 
16 0 0 2 339 595 1 0 
16 1 290 219 42 82 1 0 
17 0 0 2 339 595 1 0 
17 1 290 219 42 82 1 0 
18 0 0 2 339 595 1 0 
18 1 290 219 42 82 1 0 
19 0 0 2 339 595 1 0 
19 1 290 219 42 82 1 0 
20 0 0 2 339 595 1 0 
20 1 290 219 42 82 1 0 
21 0 0 2 339 595 1 0 
21 1 290 219 42 82 1 0 
22 0 0 2 339 595 1 0 
22 1 290 219 42 82 1 0 
23 0 0 2 339 595 1 0 
23 1 290 219 42 82 1 0 
24 0 0 2 339 595 1 0 
24 1 290 219 42 82 1 0 
25 0 0 2 339 595 1 0 
25 1 290 219 42 82 1 0 
26 0 0 2 339 595 1 0 
26 1 290 219 42 82 1 0 
27 0 0 2 339 595 1 0 
27 1 290 219 42 82 1 0 
28 0 0 2 339 595 1 0 
28 1 290 219 42 82 1 0 
29 0 0 2 339 595 1 0 
29 1 290 219 42 82 1 0 
30 0 0 2 339 595 1 0 
30 1 290 219 42 82 1 0 
31 0 0 2 339 595 1 0 
31 1 290 219 42 82 1 0 
32 0 0 2 339 595 1 0 
32 1 290 219 42 82 1 0 
33 0 0 2 339 595 1 0 
33 1 290 219 42 82 1 0 
34 0 0 2 339 595 1 0 
34 1 290 219 42 82 1 0 
35 0 0 2 339 595 1 0 
35 1 290 219 42 82 1 0 
36 0 0 2 339 595 1 0 
36 1 290 219 42 82 1 0 
37 0 0 2 339 595 1 0 
37 1 290 219 42 82 0 1 
38 0 0 2 339 595 1 0 
38 1 290 219 42 82 0 1 
39 0 0 2 339 595 1 0 
39 1 290 219 42 82 0 1 
40 0 0 2 339 595 1 0 
40 1 290 219 42 82 0 1 
41 0 0 2 339 595 1 0 
41 1 290 219 42 82 0 1 
42 0 0 2 339 595 1 0 
42 1 290 219 42 82 0 1 
43 0 0 2 339 595 1 0 
43 1 290 219 42 82 0 1 
44 0 0 2 339 595 1 0 
44 1 290 219 42 82 0 1 
45 0 0 2 339 595 1 0 
45 1 290 219 42 82 0 1 
46 0 0 2 339 595 1 0 
46 1 288 219 44 82 0 1 
47 0 0 2 339 595 1 0 
47 1 287 219 45 82 0 1 
48 0 0 2 339 595 1 0 
48 1 285 219 47 82 0 1 
49 0 0 2 339 595 1 0 
49 1 284 219 48 82 0 1 
50 0 0 2 339 595 1 0 
50 1 282 219 50 82 0 1 
51 0 0 2 339 595 1 0 
51 1 281 219 51 82 0 1 
52 0 0 2 339 595 1 0 
52 1 280 219 52 82 0 0 
53 0 0 2 339 595 1 0 
53 1 279 219 52 82 0 0 
54 0 0 2 339 595 1 0 
54 1 278 219 53 83 0 0 
55 0 0 2 339 595 1 0 
55 1 277 219 53 84 0 0 
56 0 0 2 339 595 1 0 
56 1 277 219 53 85 0 0 
57 0 0 2 339 595 1 0 
57 1 276 219 53 86 0 0 
58 0 0 2 339 595 1 0 
58 1 275 219 54 86 0 0 
59 0 0 2 339 595 1 0 
59 1 275 219 53 87 0 0 
60 0 0 2 339 595 1 0 
60 1 274 219 54 88 0 0 
61 0 0 2 339 595 1 0 
61 1 273 219 54 89 0 0 
62 0 0 2 339 595 1 0 
62 1 273 219 54 90 0 0 
63 0 0 2 339 595 1 0 
63 1 272 218 54 92 0 0 
64 0 0 2 339 595 1 0 
64 1 271 218 55 93 0 0 
65 0 0 2 339 595 1 0 
65 1 270 218 55 94 0 0 
66 0 0 2 339 595 1 0 
66 1 269 218 56 95 0 0 
67 0 0 2 339 595 1 0 
67 1 268 218 56 96 0 0 
68 0 0 2 339 595 1 0 
68 1 267 218 57 97 0 0 
69 0 0 2 339 595 1 0 
69 1 266 218 57 98 0 0 
70 0 0 2 339 595 1 0 
70 1 265 218 58 99 0 0 
71 0 0 2 339 595 1 0 
71 1 264 218 58 100 0 0 
72 0 0 2 339 595 1 0 
72 1 263 218 59 101 0 0 
73 0 0 2 339 595 1 0 
73 1 262 218 59 102 0 0 
74 0 0 2 339 595 1 0 
74 1 261 218 60 103 0 0 
75 0 0 2 339 595 1 0 
75 1 260 218 60 104 0 0 
76 0 0 2 339 595 1 0 
76 1 259 218 61 105 0 0 
77 0 0 2 339 595 1 0 
77 1 258 218 61 106 0 0 
78 0 0 2 339 595 1 0 
78 1 257 218 62 107 0 0 
79 0 0 2 339 595 1 0 
79 1 255 218 62 107 0 0 
80 0 0 2 339 595 1 0 
80 1 254 218 62 107 0 0 
81 0 0 2 339 595 1 0 
81 1 253 218 62 107 0 0 
82 0 0 2 339 595 1 0 
82 1 252 218 62 107 0 0 
83 0 0 2 339 595 1 0 
83 1 251 218 62 107 0 0 
84 0 0 2 339 595 1 0 
84 1 250 218 62 107 0 0 
85 0 0 2 339 595 1 0 
85 1 249 218 62 107 0 0 
86 0 0 2 339 595 1 0 
86 1 244 218 62 107 0 0 
87 0 0 2 339 595 1 0 
87 1 239 218 62 107 0 0 
88 0 0 2 339 595 1 0 
88 1 234 218 62 107 0 0 
89 0 0 2 339 595 1 0 
89 1 229 218 62 107 0 0 
90 0 0 2 339 595 1 0 
90 1 225 218 62 107 0 0 
91 0 0 2 339 595 1 0 
91 1 213 217 65 113 0 0 
92 0 0 2 339 595 1 0 
92 1 202 216 68 120 0 0 
93 0 0 2 339 595 1 0 
93 1 191 215 71 127 0 0 
94 0 0 2 339 595 1 0 
94 1 180 214 74 131 0 0 
95 0 0 2 339 595 1 0 
95 1 169 213 77 135 0 0 
96 0 0 2 339 595 1 0 
96 1 167 213 78 136 0 0 
97 0 0 2 339 595 1 0 
97 1 165 213 79 138 0 0 
98 0 0 2 339 595 1 0 
98 1 163 213 80 139 0 0 
99 0 0 2 339 595 1 0 
99 1 161 214 82 140 0 0 
100 0 0 2 339 595 1 0 
100 1 159 214 83 142 0 0 
101 0 0 2 339 595 1 0 
101 1 157 214 84 143 0 0 
102 0 0 2 339 595 1 0 
102 1 155 214 85 145 0 0 
103 0 0 2 339 595 1 0 
103 1 154 215 86 146 0 0 
104 0 0 2 339 595 1 0 
104 1 154 215 86 151 0 0 
105 0 0 2 339 595 1 0 
105 1 154 215 86 150 0 0 
106 0 0 2 339 595 1 0 
106 1 155 215 86 150 0 0 
107 0 0 2 339 595 1 0 
107 1 156 215 86 149 0 0 
108 0 0 2 339 595 1 0 
108 1 157 216 86 148 0 0 
109 0 0 2 339 595 1 0 
109 1 158 216 86 147 0 0 
110 0 0 2 339 595 1 0 
110 1 159 216 86 147 0 0 
111 0 0 2 339 595 1 0 
111 1 160 217 86 146 0 0 
112 0 0 2 339 595 1 0 
112 1 161 217 86 146 0 0 
113 0 0 2 339 595 1 0 
113 1 163 217 86 146 0 0 
114 0 0 2 339 595 1 0 
114 1 165 217 86 146 0 0 
115 0 0 2 339 595 1 0 
115 1 164 217 86 148 0 0 
116 0 0 2 339 595 1 0 
116 1 163 217 87 151 0 0 
117 0 0 2 339 595 1 0 
117 1 162 217 88 153 0 0 
118 0 0 2 339 595 1 0 
118 1 161 217 89 156 0 0 
119 0 0 2 339 595 1 0 
119 1 160 218 90 158 0 0 
120 0 0 2 339 595 1 0 
120 1 159 218 90 160 0 0 
121 0 0 2 339 595 1 0 
121 1 158 218 91 163 0 0 
122 0 0 2 339 595 1 0 
122 1 157 218 92 165 0 0 
123 0 0 2 339 595 1 0 
123 1 156 218 93 168 0 0 
124 0 0 2 339 595 1 0 
124 1 155 219 94 170 0 0 
125 0 0 2 339 595 1 0 
125 1 150 218 97 176 0 0 
126 0 0 2 339 595 1 0 
126 1 146 218 99 181 0 0 
127 0 0 2 339 595 1 0 
127 1 142 217 102 187 0 0 
128 0 0 2 339 595 1 0 
128 1 137 217 105 192 0 0 
129 0 0 2 339 595 1 0 
129 1 133 216 108 198 0 0 
130 0 0 2 339 595 1 0 
130 1 129 216 110 203 0 0 
131 0 0 2 339 595 1 0 
131 1 125 216 113 208 0 0 
132 0 0 2 339 595 1 0 
132 1 121 216 115 211 0 0 
133 0 0 2 339 595 1 0 
133 1 118 216 116 214 0 0 
134 0 0 2 339 595 1 0 
134 1 114 216 118 218 0 0 
135 0 0 2 339 595 1 0 
135 1 111 216 119 221 0 0 
136 0 0 2 339 595 1 0 
136 1 107 216 121 224 0 0 
137 0 0 2 339 595 1 0 
137 1 104 216 122 228 0 0 
138 0 0 2 339 595 1 0 
138 1 100 216 124 231 0 0 
139 0 0 2 339 595 1 0 
139 1 97 217 125 234 0 0 
140 0 0 2 339 595 1 0 
140 1 92 217 130 237 0 0 
141 0 0 2 339 595 1 0 
141 1 88 217 134 241 0 0 
142 0 0 2 339 595 1 0 
142 1 83 217 139 244 0 0 
143 0 0 2 339 595 1 0 
143 1 79 217 143 248 0 0 
144 0 0 2 339 595 1 0 
144 1 75 216 143 248 0 0 
145 0 0 2 339 595 1 0 
145 1 71 215 143 248 0 0 
146 0 0 2 339 595 1 0 
146 1 68 215 143 248 0 0 
147 0 0 2 339 595 1 0 
147 1 61 214 143 261 0 0 
148 0 0 2 339 595 1 0 
148 1 54 214 143 273 0 0 
149 0 0 2 339 595 1 0 
149 1 47 213 143 284 0 0 
150 0 0 2 339 595 1 0 
150 1 40 213 143 294 0 0 
151 0 0 2 339 595 1 0 
151 1 34 213 143 304 0 0 
152 0 0 2 339 595 1 0 
152 1 27 212 143 304 0 0 
153 0 0 2 339 595 1 0 
153 1 20 212 143 304 0 0 
154 0 0 2 339 595 1 0 
154 1 13 212 143 304 0 0 
155 0 0 2 339 595 1 0 
155 1 7 212 143 304 0 0 
156 0 0 2 339 595 1 0 
156 1 4 208 137 325 0 0 
157 0 0 2 339 595 1 0 
157 1 2 205 130 345 0 0 
158 0 0 2 339 595 1 0 
158 1 0 202 123 365 0 0 
159 0 0 2 339 595 1 0 
159 1 0 202 114 365 0 0 
160 0 0 2 339 595 1 0 
160 1 0 203 105 365 0 0 
161 0 0 2 339 595 1 0 
161 1 0 204 97 365 0 0 
162 0 0 2 339 595 1 0 
162 1 0 203 90 365 0 0 
163 0 0 2 339 595 1 0 
163 1 0 203 83 365 0 0 
164 0 0 2 339 595 1 0 
164 1 0 202 76 365 0 0 
165 0 0 2 339 595 1 0 
165 1 0 202 70 365 0 1 
166 0 0 2 339 595 1 0 
166 1 0 202 67 365 0 1 
167 0 0 2 339 595 1 0 
167 1 0 203 64 365 0 1 
168 0 0 2 339 595 1 0 
168 1 0 203 61 365 0 1 
169 0 0 2 339 595 1 0 
169 1 0 204 59 365 0 1 
170 0 0 2 339 595 1 0 
170 1 0 204 56 365 0 1 
171 0 0 2 339 595 1 0 
171 1 0 205 53 365 0 1 
172 0 0 2 339 595 1 0 
172 1 0 206 51 365 0 1 
173 0 0 2 339 595 1 0 
173 1 0 206 51 365 0 1 
174 0 0 2 339 595 1 0 
174 1 0 206 52 365 0 1 
175 0 0 2 339 595 1 0 
175 1 0 206 52 365 0 1 
176 0 0 2 339 595 1 0 
176 1 0 206 53 365 0 1 
177 0 0 2 339 595 1 0 
177 1 0 206 53 365 0 1 
178 0 0 2 339 595 1 0 
178 1 0 206 54 365 0 1 
179 0 0 2 339 595 1 0 
179 1 0 206 55 365 0 1 
180 0 0 2 339 595 1 0 
180 1 0 206 64 365 0 1 
181 0 0 2 339 595 1 0 
181 1 0 206 73 365 0 1 
182 0 0 2 339 595 1 0 
182 1 0 206 82 365 0 1 
183 0 0 2 339 595 1 0 
183 1 0 206 92 365 0 0 
184 0 0 2 339 595 1 0 
184 1 0 206 107 365 0 0 
185 0 0 2 339 595 1 0 
185 1 0 206 122 365 0 0 
186 0 0 2 339 595 1 0 
186 1 0 206 137 365 0 0 
187 0 0 2 339 595 1 0 
187 1 0 206 152 365 0 0 
188 0 0 2 339 595 1 0 
188 1 0 207 168 365 0 0 
189 0 0 2 339 595 1 0 
189 1 8 208 177 365 0 0 
190 0 0 2 339 595 1 0 
190 1 17 209 185 365 0 0 
191 0 0 2 339 595 1 0 
191 1 25 210 195 365 0 0 
192 0 0 2 339 595 1 0 
192 1 34 211 203 365 0 0 
193 0 0 2 339 595 1 0 
193 1 43 212 212 365 0 0 
194 0 0 2 339 595 1 0 
194 1 51 211 218 365 0 0 
195 0 0 2 339 595 1 0 
195 1 60 211 223 365 0 0 
196 0 0 2 339 595 1 0 
196 1 69 210 228 365 0 0 
197 0 0 2 339 595 1 0 
197 1 78 210 233 365 0 0 
198 0 0 2 339 595 1 0 
198 1 101 210 224 339 0 0 
199 0 0 2 339 595 1 0 
199 1 124 210 215 313 0 0 
200 0 0 2 339 595 1 0 
200 1 147 210 206 284 0 0 
201 0 0 2 339 595 1 0 
201 1 170 210 197 261 0 0 
202 0 0 2 339 595 1 0 
202 1 173 214 197 265 0 0 
203 0 0 2 339 595 1 0 
203 1 176 218 197 249 0 0 
204 0 0 2 339 595 1 0 
204 1 178 218 195 253 0 0 
205 0 0 2 339 595 1 0 
205 1 181 218 192 258 0 0 
206 0 0 2 339 595 1 0 
206 1 183 218 190 262 0 0 
207 0 0 2 339 595 1 0 
207 1 186 218 187 267 0 0 
208 0 0 2 339 595 1 0 
208 1 189 218 184 246 0 0 
209 0 0 2 339 595 1 0 
209 1 192 218 182 243 0 0 
210 0 0 2 339 595 1 0 
210 1 196 218 179 240 0 0 
211 0 0 2 339 595 1 0 
211 1 199 218 178 237 0 0 
212 0 0 2 339 595 1 0 
212 1 203 218 175 234 0 0 
213 0 0 2 339 595 1 0 
213 1 206 218 173 231 0 0 
214 0 0 2 339 595 1 0 
214 1 210 218 171 228 0 0 
215 0 0 2 339 595 1 0 
215 1 214 219 169 267 0 0 
216 0 0 2 339 595 1 0 
216 1 219 218 166 218 0 0 
217 0 0 2 339 595 1 0 
217 1 224 218 163 210 0 0 
218 0 0 2 339 595 1 0 
218 1 229 218 161 215 0 0 
219 0 0 2 339 595 1 0 
219 1 234 218 159 221 0 0 
220 0 0 2 339 595 1 0 
220 1 240 218 157 227 0 0 
221 0 0 2 339 595 1 0 
221 1 241 218 157 206 0 0 
222 0 0 2 339 595 1 0 
222 1 242 218 157 204 0 0 
223 0 0 2 339 595 1 0 
223 1 243 218 157 202 0 0 
224 0 0 2 339 595 1 0 
224 1 244 218 157 200 0 0 
225 0 0 2 339 595 1 0 
225 1 246 218 157 199 0 0 
226 0 0 2 339 595 1 0 
226 1 247 218 157 203 0 0 
227 0 0 2 339 595 1 0 
227 1 248 218 157 208 0 0 
228 0 0 2 339 595 1 0 
228 1 250 218 157 212 0 0 
229 0 0 2 339 595 1 0 
229 1 251 218 157 217 0 0 
230 0 0 2 339 595 1 0 
230 1 253 219 157 221 0 0 
231 0 0 2 339 595 1 0 
231 1 253 219 157 208 0 0 
232 0 0 2 339 595 1 0 
232 1 253 219 157 195 0 0 
233 0 0 2 339 595 1 0 
233 1 260 218 155 195 0 0 
234 0 0 2 339 595 1 0 
234 1 267 218 153 195 0 0 
235 0 0 2 339 595 1 0 
235 1 275 217 150 195 0 0 
236 0 0 2 339 595 1 0 
236 1 282 217 148 195 0 0 
237 0 0 2 339 595 1 0 
237 1 290 217 145 195 0 0 
238 0 0 2 339 595 1 0 
238 1 292 217 145 195 0 0 
239 0 0 2 339 595 1 0 
239 1 294 217 145 195 0 0 
240 0 0 2 339 595 1 0 
240 1 296 217 145 195 0 0 
241 0 0 2 339 595 1 0 
241 1 298 218 145 195 0 0 
242 0 0 2 339 595 1 0 
242 1 300 218 145 195 0 0 
243 0 0 2 339 595 1 0 
243 1 302 218 145 195 0 0 
244 0 0 2 339 595 1 0 
244 1 304 219 145 195 0 0 
245 0 0 2 339 595 1 0 
245 1 303 218 146 196 0 0 
246 0 0 2 339 595 1 0 
246 1 303 218 146 197 0 0 
247 0 0 2 339 595 1 0 
247 1 303 218 146 197 0 0 
248 0 0 2 339 595 1 0 
248 1 303 218 146 198 0 0 
249 0 0 2 339 595 1 0 
249 1 303 218 146 198 0 0 
250 0 0 2 339 595 1 0 
250 1 302 218 147 199 0 0 
251 0 0 2 339 595 1 0 
251 1 302 218 147 199 0 0 
252 0 0 2 339 595 1 0 
252 1 302 218 148 200 0 0 
253 0 0 2 339 595 1 0 
253 1 302 218 148 200 0 0 
254 0 0 2 339 595 1 0 
254 1 302 218 148 201 0 0 
255 0 0 2 339 595 1 0 
255 1 301 218 149 201 0 0 
256 0 0 2 339 595 1 0 
256 1 301 218 149 202 0 0 
257 0 0 2 339 595 1 0 
257 1 301 218 149 202 0 0 
258 0 0 2 339 595 1 0 
258 1 301 218 149 203 0 0 
259 0 0 2 339 595 1 0 
259 1 301 218 149 203 0 0 
260 0 0 2 339 595 1 0 
260 1 301 218 150 204 0 0 
261 0 0 2 339 595 1 0 
261 1 302 217 150 205 0 0 
262 0 0 2 339 595 1 0 
262 1 304 217 150 205 0 0 
263 0 0 2 339 595 1 0 
263 1 305 217 151 206 0 0 
264 0 0 2 339 595 1 0 
264 1 307 217 151 206 0 0 
265 0 0 2 339 595 1 0 
265 1 308 217 152 206 0 0 
266 0 0 2 339 595 1 0 
266 1 310 217 152 207 0 0 
267 0 0 2 339 595 1 0 
267 1 312 217 153 207 0 0 
268 0 0 2 339 596 1 0 
268 1 315 217 153 208 0 0 
269 0 0 2 339 596 1 0 
269 1 318 217 153 208 0 0 
270 0 0 2 339 596 1 0 
270 1 321 217 153 209 0 0 
271 0 0 2 339 596 1 0 
271 1 324 217 154 209 0 0 
272 0 0 2 339 596 1 0 
272 1 327 217 154 210 0 0 
273 0 0 2 339 596 1 0 
273 1 330 217 154 210 0 0 
274 0 0 2 339 596 1 0 
274 1 333 217 154 211 0 0 
275 0 0 2 339 596 1 0 
275 1 336 217 155 212 0 0 
276 0 0 2 339 596 1 0 
276 1 341 217 155 213 0 0 
277 0 0 2 339 596 1 0 
277 1 346 217 156 214 0 0 
278 0 0 2 339 596 1 0 
278 1 351 217 156 215 0 0 
279 0 0 2 339 596 1 0 
279 1 356 218 157 215 0 0 
280 0 0 2 339 596 1 0 
280 1 361 218 158 216 0 0 
281 0 0 2 339 596 1 0 
281 1 366 218 158 217 0 0 
282 0 0 2 339 596 1 0 
282 1 371 218 159 218 0 0 
283 0 0 2 339 596 1 0 
283 1 377 219 159 218 0 0 
284 0 0 2 339 596 1 0 
284 1 382 218 161 223 0 0 
285 0 0 2 339 596 1 0 
285 1 387 217 164 228 0 0 
286 0 0 2 339 596 1 0 
286 1 392 216 167 233 0 0 
287 0 0 2 339 596 1 0 
287 1 397 215 170 238 0 0 
288 0 0 2 339 596 1 0 
288 1 404 215 173 243 0 0 
289 0 0 2 339 596 1 0 
289 1 412 215 175 249 0 0 
290 0 0 2 339 596 1 0 
290 1 420 216 178 254 0 0 
291 0 0 2 339 596 1 0 
291 1 427 216 181 259 0 0 
292 0 0 2 339 596 1 0 
292 1 435 216 183 265 0 0 
293 0 0 2 339 596 1 0 
293 1 443 217 186 270 0 0 
294 0 0 2 339 596 1 0 
294 1 445 217 190 271 0 0 
295 0 0 2 339 596 1 0 
295 1 448 217 194 272 0 0 
296 0 0 2 339 596 1 0 
296 1 451 217 197 274 0 0 
297 0 0 2 339 596 1 0 
297 1 454 217 201 275 0 0 
298 0 0 2 339 596 1 0 
298 1 457 217 204 276 0 0 
299 0 0 2 339 596 1 0 
299 1 460 217 208 278 0 0 
300 0 0 2 339 596 1 0 
300 1 461 217 208 278 0 0 
301 0 0 2 339 596 1 0 
301 1 463 217 208 278 0 0 
302 0 0 2 339 596 1 0 
302 1 464 217 208 278 0 0 
303 0 0 2 339 596 1 0 
303 1 466 217 208 278 0 0 
304 0 0 2 339 596 1 0 
304 1 467 217 208 278 0 0 
305 0 0 2 339 596 1 0 
305 1 469 217 208 278 0 0 
306 0 0 2 339 596 1 0 
306 1 473 216 217 282 0 0 
307 0 0 2 339 596 1 0 
307 1 477 216 227 286 0 0 
308 0 0 2 339 596 1 0 
308 1 481 215 236 291 0 0 
309 0 0 2 339 596 1 0 
309 1 485 215 246 295 0 0 
310 0 0 2 339 596 1 0 
310 1 490 215 255 299 0 0 
311 0 0 2 339 596 1 0 
311 1 497 215 258 300 0 0 
312 0 0 2 339 596 1 0 
312 1 505 215 261 301 0 0 
313 0 0 2 339 596 1 0 
313 1 512 215 265 302 0 0 
314 0 0 2 339 596 1 0 
314 1 520 215 268 303 0 0 
315 0 0 2 339 596 1 0 
315 1 528 216 271 304 0 0 
316 0 0 2 339 596 1 0 
316 1 536 217 263 304 0 0 
317 0 0 2 339 596 1 0 
317 1 545 218 254 304 0 0 
318 0 0 2 339 596 1 0 
318 1 554 219 245 304 0 0 
319 0 0 2 339 596 1 0 
319 1 562 220 237 304 0 0 
320 0 0 2 339 596 1 0 
320 1 571 221 228 304 0 0 
321 0 0 2 339 596 1 0 
321 1 580 222 219 304 0 0 
322 0 0 2 339 596 1 0 
322 1 588 226 211 304 0 0 
323 0 0 2 339 596 1 0 
323 1 597 231 202 304 0 1 
324 0 0 2 339 596 1 0 
324 1 606 235 193 304 0 1 
325 0 0 2 339 596 1 0 
325 1 615 240 184 304 0 1 
326 0 0 2 339 596 1 0 
326 1 631 252 168 304 0 1 
327 0 0 2 339 596 1 0 
327 1 648 264 151 304 0 1 
328 0 0 2 339 596 1 0 
328 1 665 276 134 304 0 1 
329 0 0 2 339 596 1 0 
329 1 682 289 117 304 0 1 
330 0 0 2 339 596 1 0 
330 1 697 292 102 303 0 1 
331 0 0 2 339 596 1 0 
331 1 712 295 87 302 0 1 
332 0 0 2 339 596 1 0 
332 1 727 298 72 301 0 1 
333 0 0 2 339 596 1 0 
333 1 743 300 56 299 0 1 
334 0 0 2 339 596 1 0 
334 1 760 302 39 297 0 1 
335 0 0 2 339 596 1 0 
335 1 777 305 22 294 1 1 
336 0 0 2 339 596 1 0 
336 1 777 305 22 294 1 1 
337 0 0 2 339 596 1 0 
337 1 775 304 24 294 1 1 
338 0 0 2 339 596 1 0 
338 1 774 303 25 295 1 1 
339 0 0 2 339 596 1 0 
339 1 773 302 26 296 1 1 
340 0 0 2 339 596 1 0 
340 1 772 301 27 297 1 1 
341 0 0 2 339 596 1 0 
341 1 771 301 28 296 1 1 
342 0 0 2 339 596 1 0 
342 1 770 300 29 297 1 1 
343 0 0 2 339 596 1 0 
343 1 769 299 30 298 1 1 
344 0 0 2 339 596 1 0 
344 1 768 298 31 299 1 1 
345 0 0 2 339 596 1 0 
345 1 767 297 32 300 1 1 
346 0 0 2 339 596 1 0 
346 1 766 297 33 299 1 1 
347 0 0 2 339 596 1 0 
347 1 765 296 34 300 1 1 
348 0 0 2 339 596 1 0 
348 1 764 295 35 301 1 1 
349 0 0 2 339 596 1 0 
349 1 763 294 36 302 1 1 
350 0 0 2 339 596 1 0 
350 1 762 294 37 302 1 1 
351 0 0 2 339 596 1 0 
351 1 761 293 38 302 1 1 
352 0 0 2 339 596 1 0 
352 1 760 292 39 303 1 1 
353 0 0 2 339 596 1 0 
353 1 759 291 40 304 1 1 
354 0 0 2 339 596 1 0 
354 1 758 290 41 305 1 1 
355 0 0 2 339 596 1 0 
355 1 756 290 43 305 1 1 
356 0 0 2 339 596 1 0 
356 1 755 289 44 305 1 1 
357 0 0 2 339 596 1 0 
357 1 754 288 45 306 1 1 
358 0 0 2 339 596 1 0 
358 1 753 287 46 307 1 1 
359 0 0 2 339 596 1 0 
359 1 752 287 47 307 1 1 
360 0 0 2 339 596 1 0 
360 1 751 286 48 307 1 1 
361 0 0 2 339 596 1 0 
361 1 750 285 49 308 1 1 
362 0 0 2 339 596 1 0 
362 1 749 284 50 309 1 1 
363 0 0 2 339 596 1 0 
363 1 748 283 51 310 1 1 
364 0 0 2 339 596 1 0 
364 1 747 283 52 310 1 1 
365 0 0 2 339 596 1 0 
365 1 746 282 53 310 1 1 
366 0 0 2 339 596 1 0 
366 1 745 281 54 311 1 1 
367 0 0 2 339 596 1 0 
367 1 744 280 55 312 1 1 
368 0 0 2 339 596 1 0 
368 1 743 279 56 313 1 1 
369 0 0 2 339 596 1 0 
369 1 742 279 57 313 1 1 
370 0 0 2 339 596 1 0 
370 1 741 278 58 313 1 1 
371 0 0 2 339 596 1 0 
371 1 740 277 59 314 1 1 
372 0 0 2 339 596 1 0 
372 1 739 276 60 315 1 1 
373 0 0 2 339 596 1 0 
373 1 737 276 62 315 1 1 
374 0 0 2 339 596 1 0 
374 1 736 275 63 316 1 1 
375 0 0 2 339 596 1 0 
375 1 735 274 64 316 1 1 
376 0 0 2 339 596 1 0 
376 1 734 273 65 317 1 1 
377 0 0 2 339 596 1 0 
377 1 733 272 66 318 1 1 
378 0 0 2 339 596 1 0 
378 1 732 272 67 318 1 1 
379 0 0 2 339 596 1 0 
379 1 731 271 68 319 1 1 
380 0 0 2 339 596 1 0 
380 1 730 270 69 319 1 1 
381 0 0 2 339 596 1 0 
381 1 729 269 70 320 1 1 
382 0 0 2 339 596 1 0 
382 1 728 269 71 320 1 1 
383 0 0 2 339 596 1 0 
383 1 727 268 72 321 1 1 
384 0 0 2 339 596 1 0 
384 1 726 267 73 321 1 1 
385 0 0 2 339 596 1 0 
385 1 725 266 74 322 1 1 
386 0 0 2 339 596 1 0 
386 1 724 265 75 323 1 1 
387 0 0 2 339 596 1 0 
387 1 723 265 76 323 1 1 
388 0 0 2 339 596 1 0 
388 1 722 264 77 324 1 1 
389 0 0 2 339 596 1 0 
389 1 721 263 78 324 1 1 
390 0 0 2 339 596 1 0 
390 1 720 262 79 325 1 1 
391 0 0 2 339 596 1 0 
391 1 719 262 80 325 1 1 
392 0 0 2 339 596 1 0 
392 1 717 261 82 326 1 1 
393 0 0 2 339 596 1 0 
393 1 716 260 83 327 1 1 
394 0 0 2 339 596 1 0 
394 1 715 259 84 327 1 1 
395 0 0 2 339 596 1 0 
395 1 714 258 85 328 1 1 
396 0 0 2 339 596 1 0 
396 1 713 258 86 328 1 1 
397 0 0 2 339 596 1 0 
397 1 712 257 87 329 1 1 
398 0 0 2 339 596 1 0 
398 1 711 256 88 330 1 1 
399 0 0 2 339 596 1 0 
399 1 710 255 89 330 1 1 
400 0 0 2 339 596 1 0 
400 1 709 254 90 331 1 1 
401 0 0 2 339 596 1 0 
401 1 708 254 91 331 1 1 
402 0 0 2 339 596 1 0 
402 1 707 253 92 332 1 1 
403 0 0 2 339 596 1 0 
403 1 706 252 93 332 1 1 
404 0 0 2 339 596 1 0 
404 1 705 251 94 333 1 1 
405 0 0 2 339 596 1 0 
405 1 704 251 95 333 1 1 
406 0 0 2 339 596 1 0 
406 1 703 250 96 334 1 1 
407 0 0 2 339 596 1 0 
407 1 702 249 97 335 1 1 
408 0 0 2 339 596 1 0 
408 1 701 248 98 335 1 1 
409 0 0 2 339 596 1 0 
409 1 700 247 99 336 1 1 
410 0 0 2 339 596 1 0 
410 1 698 247 101 336 1 1 
411 0 0 2 339 596 1 0 
411 1 697 246 102 337 1 1 
412 0 0 2 339 596 1 0 
412 1 696 245 103 338 1 1 
413 0 0 2 339 596 1 0 
413 1 695 244 104 338 1 1 
414 0 0 2 339 596 1 0 
414 1 694 244 105 338 1 1 
415 0 0 2 339 596 1 0 
415 1 693 243 106 339 1 1 
416 0 0 2 339 596 1 0 
416 1 692 242 107 340 1 1 
417 0 0 2 339 596 1 0 
417 1 691 241 108 341 1 1 
418 0 0 2 339 596 1 0 
418 1 690 240 109 341 1 1 
419 0 0 2 339 596 1 0 
419 1 689 240 110 341 1 1 
420 0 0 2 339 596 1 0 
420 1 688 239 111 342 1 1 
421 0 0 2 339 596 1 0 
421 1 687 238 112 343 1 1 
422 0 0 2 339 596 1 0 
422 1 686 237 113 344 1 1 
423 0 0 2 339 596 1 0 
423 1 685 236 114 344 1 1 
424 0 0 2 339 596 1 0 
424 1 684 236 115 344 1 1 
425 0 0 2 339 596 1 0 
425 1 683 235 116 345 1 1 
426 0 0 2 339 596 1 0 
426 1 682 234 117 346 1 1 
427 0 0 2 339 596 1 0 
427 1 681 233 118 346 1 1 
428 0 0 2 339 596 1 0 
428 1 679 233 120 346 1 1 
429 0 0 2 339 596 1 0 
429 1 678 232 121 347 1 1 
430 0 0 2 339 596 1 0 
430 1 677 231 122 348 1 1 
431 0 0 2 339 596 1 0 
431 1 676 230 123 349 1 1 
432 0 0 2 339 596 1 0 
432 1 675 229 124 349 1 1 
433 0 0 2 339 596 1 0 
433 1 674 229 125 349 1 1 
434 0 0 2 339 596 1 0 
434 1 673 228 126 350 1 1 
435 0 0 2 339 596 1 0 
435 1 672 227 127 351 1 1 
436 0 0 2 339 596 1 0 
436 1 671 226 128 352 1 1 
437 0 0 2 339 596 1 0 
437 1 670 226 129 351 1 1 
438 0 0 2 339 596 1 0 
438 1 669 225 130 352 1 1 
439 0 0 2 339 596 1 0 
439 1 668 224 131 353 1 1 
440 0 0 2 339 596 1 0 
440 1 667 223 132 354 1 1 
441 0 0 2 339 596 1 0 
441 1 666 222 133 355 1 1 
442 0 0 2 339 596 1 0 
442 1 665 222 134 354 1 1 
443 0 0 2 339 596 1 0 
443 1 664 221 135 355 1 1 
444 0 0 2 339 596 1 0 
444 1 663 220 136 356 1 1 
445 0 0 2 339 596 1 0 
445 1 662 219 137 357 1 1 
446 0 0 2 339 596 1 0 
446 1 661 219 138 357 0 1 
447 0 0 2 339 596 1 0 
447 1 641 215 158 357 0 1 
448 0 0 2 339 596 1 0 
448 1 622 212 177 357 0 1 
449 0 0 2 339 596 1 0 
449 1 603 209 196 357 0 0 
450 0 0 2 339 596 1 0 
450 1 589 210 196 349 0 0 
451 0 0 2 339 596 1 0 
451 1 575 211 196 342 0 0 
452 0 0 2 339 596 1 0 
452 1 561 212 196 335 0 0 
453 0 0 2 339 596 1 0 
453 1 547 213 196 327 0 0 
454 0 0 2 339 596 1 0 
454 1 533 214 196 320 0 0 
455 0 0 2 339 596 1 0 
455 1 520 216 196 312 0 0 
456 0 0 2 339 596 1 0 
456 1 507 216 189 310 0 0 
457 0 0 2 339 596 1 0 
457 1 495 217 181 308 0 0 
458 0 0 2 339 596 1 0 
458 1 482 218 174 306 0 0 
459 0 0 2 339 596 1 0 
459 1 470 219 166 304 0 0 
460 0 0 2 339 596 1 0 
460 1 458 220 159 302 0 0 
461 0 0 2 339 596 1 0 
461 1 447 220 158 306 0 0 
462 0 0 2 339 596 1 0 
462 1 436 220 157 310 0 0 
463 0 0 2 339 596 1 0 
463 1 425 220 156 314 0 0 
464 0 0 2 339 596 1 0 
464 1 414 220 155 318 0 0 
465 0 0 2 339 596 1 0 
465 1 403 220 154 322 0 0 
466 0 0 2 339 596 1 0 
466 1 392 221 153 326 0 0 
467 0 0 2 339 596 1 0 
467 1 382 220 153 332 0 0 
468 0 0 2 339 596 1 0 
468 1 372 219 153 339 0 0 
469 0 0 2 339 596 1 0 
469 1 363 219 153 344 0 0 
470 0 0 2 339 596 1 0 
470 1 353 218 153 351 0 0 
471 0 0 2 339 596 1 0 
471 1 343 217 153 357 0 0 
472 0 0 2 339 596 1 0 
472 1 334 217 153 363 0 0 
473 0 0 2 339 596 1 0 
473 1 334 217 153 361 0 0 
474 0 0 2 339 596 1 0 
474 1 334 217 153 359 0 0 
475 0 0 2 339 596 1 0 
475 1 334 217 153 358 0 0 
476 0 0 2 339 596 1 0 
476 1 334 217 153 356 0 0 
477 0 0 2 339 596 1 0 
477 1 334 217 153 354 0 0 
478 0 0 2 339 596 1 0 
478 1 334 217 153 353 0 0 
479 0 0 2 339 596 1 0 
479 1 334 217 153 351 0 0 
480 0 0 2 339 596 1 0 
480 1 334 217 153 349 0 0 
481 0 0 2 339 596 1 0 
481 1 334 217 153 348 0 0 
482 0 0 2 339 596 1 0 
482 1 334 217 153 346 0 0 
483 0 0 2 339 596 1 0 
483 1 334 217 153 344 0 0 
484 0 0 2 339 596 1 0 
484 1 334 217 153 343 0 0 
485 0 0 2 339 596 1 0 
485 1 334 217 153 340 0 0 
486 0 0 2 339 596 1 0 
486 1 334 217 153 337 0 0 
487 0 0 2 339 596 1 0 
487 1 334 217 153 334 0 0 
488 0 0 2 339 596 1 0 
488 1 334 217 153 332 0 0 
489 0 0 2 339 596 1 0 
489 1 334 217 153 329 0 0 
490 0 0 2 339 596 1 0 
490 1 334 217 153 326 0 0 
491 0 0 2 339 596 1 0 
491 1 334 217 153 323 0 0 
492 0 0 2 339 596 1 0 
492 1 334 217 153 321 0 0 
493 0 0 2 339 596 1 0 
493 1 334 217 153 318 0 0 
494 0 0 2 339 596 1 0 
494 1 334 217 153 315 0 0 
495 0 0 2 339 596 1 0 
495 1 334 217 153 313 0 0 
496 0 0 2 339 596 1 0 
496 1 336 216 153 312 0 0 
497 0 0 2 339 596 1 0 
497 1 339 216 153 310 0 0 
498 0 0 2 339 596 1 0 
498 1 342 216 153 308 0 0 
499 0 0 2 339 596 1 0 
499 1 344 215 153 307 0 0 
500 0 0 2 339 596 1 0 
500 1 347 215 153 305 0 0 
501 0 0 2 339 596 1 0 
501 1 350 215 153 303 0 0 
502 0 0 2 339 596 1 0 
502 1 351 216 153 303 0 0 
503 0 0 2 339 596 1 0 
503 1 352 217 153 303 0 0 
504 0 0 2 339 596 1 0 
504 1 354 218 153 303 0 0 
505 0 0 2 339 596 1 0 
505 1 357 217 148 300 0 0 
506 0 0 2 339 596 1 0 
506 1 361 217 143 297 0 0 
507 0 0 2 339 596 1 0 
507 1 364 217 139 293 0 0 
508 0 0 2 339 596 1 0 
508 1 368 217 134 290 0 0 
509 0 0 2 339 596 1 0 
509 1 368 216 134 290 0 0 
510 0 0 2 339 596 1 0 
510 1 368 216 134 289 0 0 
511 0 0 2 339 596 1 0 
511 1 368 216 134 288 0 0 
512 0 0 2 339 596 1 0 
512 1 368 216 134 287 0 0 
513 0 0 2 339 596 1 0 
513 1 368 216 134 286 0 0 
514 0 0 2 339 596 1 0 
514 1 369 215 134 286 0 0 
515 0 0 2 339 596 1 0 
515 1 369 215 134 285 0 0 
516 0 0 2 339 596 1 0 
516 1 369 215 134 284 0 0 
517 0 0 2 339 596 1 0 
517 1 369 215 134 283 0 0 
518 0 0 2 339 596 1 0 
518 1 369 215 134 282 0 0 
519 0 0 2 339 596 1 0 
519 1 370 215 134 281 0 0 
520 0 0 2 339 596 1 0 
520 1 370 215 134 282 0 0 
521 0 0 2 339 596 1 0 
521 1 370 215 134 283 0 0 
522 0 0 2 339 596 1 0 
522 1 371 215 134 284 0 0 
523 0 0 2 339 596 1 0 
523 1 371 215 134 285 0 0 
524 0 0 2 339 596 1 0 
524 1 371 215 134 286 0 0 
525 0 0 2 339 596 1 0 
525 1 372 215 134 287 0 0 
526 0 0 2 339 596 1 0 
526 1 372 215 134 288 0 0 
527 0 0 2 339 596 1 0 
527 1 373 215 134 290 0 0 
528 0 0 2 339 596 1 0 
528 1 373 215 133 289 0 0 
529 0 0 2 339 596 1 0 
529 1 373 215 133 289 0 0 
530 0 0 2 339 596 1 0 
530 1 373 215 133 289 0 0 
531 0 0 2 339 596 1 0 
531 1 373 215 133 288 0 0 
532 0 0 2 339 596 1 0 
532 1 373 215 133 288 0 0 
533 0 0 2 339 596 1 0 
533 1 373 215 133 288 0 0 
534 0 0 2 339 596 1 0 
534 1 373 215 133 288 0 0 
535 0 0 2 339 596 1 0 
535 1 374 215 132 287 0 0 
536 0 0 2 339 597 0 1 
536 1 374 215 132 287 0 0 
537 0 33 1 320 596 0 1 
537 1 374 215 132 287 0 0 
538 0 66 1 301 595 0 1 
538 1 374 215 132 287 0 0 
539 0 99 0 282 595 0 1 
539 1 374 215 131 286 0 0 
540 0 132 0 263 594 0 1 
540 1 374 215 131 286 0 0 
541 0 165 0 245 593 0 1 
541 1 374 215 131 286 0 0 
542 0 184 0 245 599 0 1 
542 1 374 215 131 286 0 0 
543 0 203 0 245 599 0 0 
543 1 375 216 130 284 0 0 
544 0 203 11 245 588 0 0 
544 1 375 216 130 284 0 0 
545 0 203 23 245 576 0 0 
545 1 375 216 130 284 0 0 
546 0 203 35 245 564 0 0 
546 1 375 216 130 284 0 0 
547 0 201 65 245 534 0 0 
547 1 375 216 130 283 0 0 
548 0 199 95 245 504 0 0 
548 1 375 216 130 283 0 0 
549 0 198 125 245 474 0 0 
549 1 375 216 130 283 0 0 
550 0 190 147 245 452 0 0 
550 1 376 216 129 283 0 0 
551 0 183 169 245 430 0 0 
551 1 376 216 128 282 0 0 
552 0 176 191 245 408 0 0 
552 1 376 216 128 282 0 0 
553 0 169 214 245 385 0 0 
553 1 376 216 128 282 0 0 
554 0 166 216 245 383 0 0 
554 1 376 216 128 281 0 0 
555 0 163 218 245 381 0 0 
555 1 376 216 128 281 0 0 
556 0 160 221 245 378 0 0 
556 1 376 216 128 281 0 0 
557 0 158 217 245 382 0 0 
557 1 376 216 128 281 0 0 
558 0 157 213 245 386 0 0 
558 1 377 217 127 279 0 0 
559 0 155 209 245 390 0 0 
559 1 377 217 127 279 0 0 
560 0 154 205 245 394 0 0 
560 1 377 217 127 279 0 0 
561 0 149 206 247 393 0 0 
561 1 377 217 127 279 0 0 
562 0 144 208 250 391 0 0 
562 1 377 217 126 278 0 0 
563 0 140 210 251 389 0 0 
563 1 377 217 126 278 0 0 
564 0 135 212 254 387 0 0 
564 1 377 217 126 278 0 0 
565 0 131 214 256 385 0 0 
565 1 377 217 126 278 0 0 
566 0 133 214 256 385 0 0 
566 1 378 217 125 277 0 0 
567 0 135 214 256 385 0 0 
567 1 378 217 125 277 0 0 
568 0 137 214 256 385 0 0 
568 1 378 217 125 277 0 0 
569 0 140 214 256 385 0 0 
569 1 378 217 125 277 0 0 
570 0 142 214 256 385 0 0 
570 1 378 217 125 276 0 0 
571 0 144 214 256 385 0 0 
571 1 378 217 125 276 0 0 
572 0 147 214 256 385 0 0 
572 1 378 217 125 276 0 0 
573 0 147 214 256 385 0 0 
573 1 379 218 124 275 0 0 
574 0 148 215 256 384 0 0 
574 1 379 218 123 273 0 0 
575 0 149 215 256 384 0 0 
575 1 380 218 122 272 0 0 
576 0 150 216 256 383 0 0 
576 1 381 218 121 271 0 0 
577 0 151 216 256 383 0 0 
577 1 381 219 121 268 0 0 
578 0 152 217 256 382 0 0 
578 1 382 219 120 267 0 0 
579 0 153 218 256 381 0 0 
579 1 383 219 118 266 0 0 
580 0 153 217 256 382 0 0 
580 1 383 219 118 265 0 0 
581 0 153 217 256 382 0 0 
581 1 384 220 117 262 0 0 
582 0 153 216 256 383 0 0 
582 1 385 220 116 261 0 0 
583 0 153 216 256 383 0 0 
583 1 385 220 116 260 0 0 
584 0 153 215 256 384 0 0 
584 1 386 220 114 259 0 0 
585 0 153 215 256 384 0 0 
585 1 387 221 113 256 0 0 
586 0 153 215 256 384 0 0 
586 1 387 221 113 255 0 0 
587 0 156 215 258 384 0 0 
587 1 388 221 112 254 0 0 
588 0 160 216 260 383 0 0 
588 1 389 222 111 252 0 0 
589 0 164 217 262 382 0 0 
589 1 390 221 110 251 0 0 
590 0 169 217 256 380 0 0 
590 1 391 221 110 250 0 0 
591 0 174 217 251 378 0 0 
591 1 393 221 109 249 0 0 
592 0 179 217 246 376 0 0 
592 1 394 220 109 248 0 0 
593 0 184 217 241 375 0 0 
593 1 395 220 109 247 0 0 
594 0 189 217 236 373 0 0 
594 1 397 220 108 246 0 0 
595 0 194 217 231 371 0 0 
595 1 398 219 108 245 0 0 
596 0 200 217 225 370 0 0 
596 1 399 219 108 244 0 0 
597 0 200 217 225 367 0 0 
597 1 401 219 107 243 0 0 
598 0 201 217 224 364 0 0 
598 1 401 218 106 242 0 0 
599 0 202 217 223 361 0 0 
599 1 401 218 106 241 0 0 
600 0 203 217 222 358 0 0 
600 1 401 218 106 240 0 0 
601 0 204 217 221 355 0 0 
601 1 401 218 105 239 0 0 
602 0 205 217 220 352 0 0 
602 1 401 218 105 238 0 0 
603 0 206 217 219 349 0 0 
603 1 401 218 105 237 0 0 
604 0 207 217 218 346 0 0 
604 1 401 218 104 236 0 0 
605 0 208 217 217 343 0 0 
605 1 401 218 104 235 0 0 
606 0 209 217 216 341 0 0 
606 1 401 218 104 234 0 0 
607 0 210 217 215 339 0 0 
607 1 401 218 103 233 0 0 
608 0 211 217 214 336 0 0 
608 1 401 218 103 232 0 0 
609 0 212 217 214 334 0 0 
609 1 401 217 103 231 0 0 
610 0 213 217 213 332 0 0 
610 1 401 217 102 230 0 0 
611 0 214 217 212 330 0 0 
611 1 401 217 102 229 0 0 
612 0 215 217 211 327 0 0 
612 1 401 217 102 228 0 0 
613 0 216 217 210 325 0 0 
613 1 401 217 101 227 0 0 
614 0 217 217 210 323 0 0 
614 1 401 217 101 226 0 0 
615 0 218 217 209 321 0 0 
615 1 401 217 101 225 0 0 
616 0 219 217 208 318 0 0 
616 1 401 217 100 224 0 0 
617 0 220 217 207 316 0 0 
617 1 401 217 100 223 0 0 
618 0 221 217 206 314 0 0 
618 1 401 217 100 222 0 0 
619 0 222 217 206 312 0 0 
619 1 401 217 100 221 0 0 
620 0 223 217 205 312 0 0 
620 1 401 217 99 220 0 0 
621 0 224 217 204 313 0 0 
621 1 401 217 99 220 0 0 
622 0 225 217 203 314 0 0 
622 1 401 217 99 220 0 0 
623 0 226 217 202 315 0 0 
623 1 401 217 99 220 0 0 
624 0 227 217 202 316 0 0 
624 1 401 217 99 220 0 0 
625 0 228 217 201 316 0 0 
625 1 401 217 99 220 0 0 
626 0 229 217 200 317 0 0 
626 1 401 217 99 220 0 0 
627 0 230 217 199 318 0 0 
627 1 401 217 99 220 0 0 
628 0 231 217 198 319 0 0 
628 1 401 217 99 220 0 0 
629 0 232 218 198 319 0 0 
629 1 401 217 99 220 0 0 
630 0 232 218 198 319 0 0 
630 1 401 217 99 220 0 0 
631 0 232 218 198 319 0 0 
631 1 401 217 99 220 0 0 
632 0 232 218 198 319 0 0 
632 1 401 217 99 220 0 0 
633 0 232 218 198 319 0 0 
633 1 401 217 99 220 0 0 
634 0 232 218 198 319 0 0 
634 1 401 217 99 220 0 0 
635 0 232 218 198 319 0 0 
635 1 401 217 99 220 0 0 
636 0 232 218 198 319 0 0 
636 1 401 217 99 220 0 0 
637 0 232 218 198 319 0 0 
637 1 401 217 99 220 0 0 
638 0 232 218 198 319 0 0 
638 1 401 217 99 220 0 0 
639 0 232 218 198 319 0 0 
639 1 401 217 99 220 0 0 
640 0 232 218 198 319 0 0 
640 1 401 217 99 220 0 0 
641 0 232 218 198 319 0 0 
641 1 401 217 99 220 0 0 
642 0 232 218 198 319 0 0 
642 1 401 217 99 220 0 0 
643 0 232 218 198 319 0 0 
643 1 401 217 99 220 0 0 
644 0 232 218 198 319 0 0 
644 1 401 217 99 220 0 0 
645 0 232 218 198 319 0 0 
645 1 401 217 99 220 0 0 
646 0 232 218 198 319 0 0 
646 1 401 217 99 220 0 0 
647 0 232 218 198 319 0 0 
647 1 401 217 99 220 0 0 
648 0 232 218 198 319 0 0 
648 1 401 217 99 220 0 0 
649 0 232 218 198 319 0 0 
649 1 401 217 99 220 0 0 
650 0 232 218 198 319 0 0 
650 1 401 217 99 220 0 0 
651 0 232 218 198 319 0 0 
651 1 401 217 99 220 0 0 
652 0 232 218 198 319 0 0 
652 1 401 217 99 220 0 0 
653 0 232 218 198 319 0 0 
653 1 401 217 99 220 0 0 
654 0 232 218 198 319 0 0 
654 1 401 217 99 220 0 0 
655 0 232 218 198 319 0 0 
655 1 401 217 99 220 0 0 
656 0 232 218 198 319 0 0 
656 1 401 217 99 220 0 0 
657 0 232 218 198 319 0 0 
657 1 401 217 99 220 0 0 
658 0 232 218 198 319 0 0 
658 1 401 217 99 220 0 0 
659 0 232 218 198 319 0 0 
659 1 401 217 99 220 0 0 
660 0 232 218 198 319 0 0 
660 1 401 217 99 220 0 0 
661 0 232 218 198 319 0 0 
661 1 401 217 99 220 0 0 
662 0 232 218 198 319 0 0 
662 1 401 217 99 220 0 0 
663 0 232 218 198 319 0 0 
663 1 401 218 99 219 0 0 
