0 0 156 197 148 266 1 0 
1 0 156 197 148 266 1 0 
2 0 156 197 148 266 1 0 
3 0 156 197 148 266 1 0 
4 0 156 197 148 266 1 0 
5 0 156 197 148 266 1 0 
6 0 156 197 148 266 1 0 
7 0 156 197 148 266 1 0 
8 0 156 197 148 266 1 0 
9 0 156 197 148 266 1 0 
10 0 156 197 148 266 1 0 
11 0 156 197 148 266 1 0 
12 0 156 197 148 266 1 0 
13 0 156 197 148 266 1 0 
14 0 156 197 148 266 1 0 
15 0 156 197 148 266 1 0 
16 0 156 197 148 266 1 0 
17 0 156 197 148 266 1 0 
18 0 156 197 148 266 1 0 
19 0 156 197 148 266 1 0 
20 0 156 197 148 266 1 0 
21 0 156 197 148 266 1 0 
22 0 156 197 148 266 1 0 
23 0 156 197 148 266 1 0 
24 0 156 197 148 266 1 0 
25 0 156 197 148 266 1 0 
26 0 156 197 148 266 1 0 
27 0 156 197 148 266 1 0 
28 0 156 197 148 266 1 0 
29 0 156 197 148 266 1 0 
30 0 156 197 148 266 1 0 
31 0 156 197 148 266 1 0 
32 0 156 197 148 266 1 0 
33 0 156 197 148 266 1 0 
34 0 156 197 148 266 1 0 
35 0 156 197 148 266 1 0 
36 0 156 197 148 266 1 0 
37 0 156 197 148 266 1 0 
38 0 156 197 148 266 1 0 
39 0 156 197 148 266 1 0 
40 0 156 197 148 266 1 0 
41 0 156 197 148 266 1 0 
42 0 156 197 148 266 1 0 
43 0 156 197 148 266 1 0 
44 0 156 197 148 266 1 0 
45 0 156 197 148 266 1 0 
46 0 156 197 148 266 1 0 
47 0 156 197 148 266 1 0 
48 0 156 197 148 266 1 0 
49 0 156 197 148 266 1 0 
50 0 156 197 148 266 1 0 
51 0 156 197 148 266 1 0 
52 0 156 197 148 266 1 0 
53 0 156 197 148 266 1 0 
54 0 156 197 148 266 1 0 
55 0 156 197 148 266 1 0 
56 0 156 197 148 266 1 0 
57 0 156 197 148 266 1 0 
58 0 156 197 148 266 1 0 
59 0 156 197 148 266 1 0 
60 0 156 197 148 266 1 0 
61 0 156 197 148 266 1 0 
62 0 156 197 148 266 1 0 
63 0 156 197 148 266 1 0 
64 0 156 197 148 266 1 0 
65 0 156 197 148 266 1 0 
66 0 156 197 148 266 1 0 
67 0 156 197 148 266 1 0 
68 0 156 197 148 266 1 0 
69 0 156 197 148 266 1 0 
70 0 156 197 148 266 1 0 
71 0 156 197 148 266 1 0 
72 0 156 197 148 266 1 0 
73 0 156 197 148 266 1 0 
74 0 156 197 148 266 1 0 
75 0 156 197 148 266 1 0 
76 0 156 197 148 266 1 0 
77 0 156 197 148 266 1 0 
78 0 156 197 148 266 1 0 
79 0 156 197 148 266 1 0 
80 0 156 197 148 266 1 0 
81 0 156 197 148 266 1 0 
82 0 156 197 148 266 1 0 
83 0 156 197 148 266 1 0 
84 0 156 197 148 266 0 1 
85 0 151 196 152 269 0 1 
86 0 147 195 156 273 0 1 
87 0 143 195 159 276 0 1 
88 0 139 194 163 280 0 1 
89 0 135 193 166 284 0 1 
90 0 131 193 170 287 0 1 
91 0 124 193 177 289 0 1 
92 0 117 193 184 292 0 1 
93 0 110 193 191 295 0 1 
94 0 103 193 198 298 0 0 
95 0 97 192 202 303 0 0 
96 0 92 191 206 308 0 0 
97 0 87 190 210 313 0 0 
98 0 81 189 215 318 0 0 
99 0 76 189 218 323 0 0 
100 0 71 188 222 328 0 0 
101 0 65 187 227 333 0 0 
102 0 60 186 231 338 0 0 
103 0 55 186 235 343 0 0 
104 0 49 186 239 347 0 0 
105 0 44 186 243 351 0 0 
106 0 39 187 246 354 0 0 
107 0 34 187 250 358 0 0 
108 0 28 187 254 362 0 0 
109 0 23 188 258 365 0 0 
110 0 18 188 261 369 0 0 
111 0 13 188 265 373 0 0 
112 0 8 189 269 376 0 0 
113 0 6 187 269 382 0 0 
114 0 5 186 268 387 0 0 
115 0 4 185 268 392 0 0 
116 0 2 184 268 397 0 0 
117 0 1 183 267 402 0 0 
118 0 0 182 267 407 0 0 
119 0 0 182 265 408 0 0 
120 0 0 182 263 409 0 0 
121 0 0 182 261 410 0 0 
122 0 0 182 259 412 0 0 
123 0 0 182 257 413 0 0 
124 0 0 182 255 414 0 0 
125 0 0 182 253 415 0 0 
126 0 0 182 251 417 0 0 
127 0 0 179 249 420 0 0 
128 0 0 177 247 422 0 0 
129 0 0 175 245 424 0 0 
130 0 0 173 244 426 0 0 
131 0 0 172 240 427 0 0 
132 0 0 172 237 427 0 0 
133 0 0 172 234 427 0 0 
134 0 0 172 231 427 0 0 
135 0 0 171 227 428 0 0 
136 0 0 171 224 428 0 0 
137 0 0 171 221 428 0 0 
138 0 0 171 218 428 0 0 
139 0 0 171 215 428 0 0 
140 0 0 171 211 428 0 0 
141 0 0 172 208 427 0 0 
142 0 0 173 205 426 0 1 
143 0 0 177 202 422 0 1 
144 0 0 181 200 418 0 1 
145 0 0 186 198 413 0 1 
146 0 0 188 195 411 0 1 
147 0 0 191 192 408 0 1 
148 0 0 194 189 405 0 1 
149 0 0 197 186 402 0 1 
150 0 0 200 181 399 0 1 
151 0 0 204 177 395 0 1 
152 0 0 207 173 392 0 1 
153 0 0 211 169 388 0 1 
154 0 0 221 145 378 0 1 
155 0 0 231 122 368 0 1 
156 0 0 241 99 358 0 1 
157 0 0 242 93 357 0 1 
158 0 0 244 88 355 0 1 
159 0 0 246 83 353 0 1 
160 0 0 248 78 351 0 1 
161 0 0 250 73 349 0 1 
162 0 0 251 67 348 0 1 
163 0 0 253 62 346 0 1 
164 0 0 255 57 344 0 1 
165 0 0 257 52 342 0 1 
166 0 0 259 47 340 0 1 
167 0 0 261 42 338 1 1 
168 0 0 270 42 329 1 1 
169 0 0 279 42 320 1 1 
170 0 0 288 42 311 1 1 
171 0 0 297 42 302 1 1 
172 0 0 306 42 293 1 1 
173 0 0 315 42 284 1 1 
174 0 0 324 42 275 1 1 
175 0 0 334 42 265 1 1 
176 0 0 332 42 267 1 1 
177 0 0 330 43 269 1 1 
178 0 0 328 43 271 1 1 
179 0 0 326 44 273 1 1 
180 0 0 324 45 275 1 1 
181 0 0 322 45 277 1 1 
182 0 0 320 46 279 1 1 
183 0 0 318 47 281 1 1 
184 0 0 316 47 283 1 1 
185 0 0 314 48 285 1 1 
186 0 0 312 49 287 1 1 
187 0 0 310 49 289 1 1 
188 0 0 308 50 291 1 1 
189 0 0 306 50 293 1 1 
190 0 0 304 51 295 1 1 
191 0 0 302 52 297 1 1 
192 0 0 300 52 299 1 1 
193 0 0 299 53 300 1 1 
194 0 0 297 54 302 1 1 
195 0 0 295 54 304 1 1 
196 0 0 293 55 306 1 1 
197 0 0 291 56 308 1 1 
198 0 0 289 56 310 1 1 
199 0 0 287 57 312 1 1 
200 0 0 285 57 314 1 1 
201 0 0 283 58 316 1 1 
202 0 0 281 59 318 1 1 
203 0 0 279 59 320 1 1 
204 0 0 277 60 322 1 1 
205 0 0 275 61 324 1 1 
206 0 0 273 61 326 1 1 
207 0 0 271 62 328 1 1 
208 0 0 269 63 330 1 1 
209 0 0 267 63 332 1 1 
210 0 0 266 64 333 1 1 
211 0 0 264 65 335 1 1 
212 0 0 262 65 337 1 1 
213 0 0 260 66 339 1 1 
214 0 0 258 66 341 1 1 
215 0 0 256 67 343 1 1 
216 0 0 254 68 345 1 1 
217 0 0 252 68 347 1 1 
218 0 0 250 69 349 1 1 
219 0 0 248 70 351 1 1 
220 0 0 246 70 353 1 1 
221 0 0 244 71 355 1 1 
222 0 0 242 72 357 1 1 
223 0 0 240 72 359 1 1 
224 0 0 238 73 361 1 1 
225 0 0 236 73 363 1 1 
226 0 0 234 74 365 1 1 
227 0 0 233 75 366 1 1 
228 0 0 231 75 368 1 1 
229 0 0 229 76 370 1 1 
230 0 0 227 77 372 1 1 
231 0 0 225 77 374 1 1 
232 0 0 223 78 376 1 1 
233 0 0 221 79 378 1 1 
234 0 0 219 79 380 1 1 
235 0 0 217 80 382 1 1 
236 0 0 215 81 384 1 1 
237 0 0 213 81 386 1 1 
238 0 0 211 82 388 1 1 
239 0 0 209 82 390 1 1 
240 0 0 207 83 392 1 1 
241 0 0 205 84 394 1 1 
242 0 0 203 84 396 1 1 
243 0 0 201 85 398 1 1 
244 0 0 200 86 399 1 1 
245 0 0 198 86 401 1 1 
246 0 0 196 87 403 1 1 
247 0 0 194 88 405 1 1 
248 0 0 192 88 407 1 1 
249 0 0 190 89 409 1 1 
250 0 0 188 89 411 1 1 
251 0 0 186 90 413 1 1 
252 0 0 184 91 415 1 1 
253 0 0 182 91 417 1 1 
254 0 0 180 92 419 1 1 
255 0 0 178 93 421 1 1 
256 0 0 176 93 423 1 1 
257 0 0 174 94 425 1 1 
258 0 0 172 95 427 1 1 
259 0 0 170 95 429 1 1 
260 0 0 168 96 431 1 1 
261 0 0 167 97 432 0 1 
262 0 0 167 107 432 0 1 
263 0 0 167 118 432 0 1 
264 0 0 167 128 432 0 1 
265 0 0 167 139 432 0 1 
266 0 0 167 149 432 0 1 
267 0 0 167 160 432 0 1 
268 0 0 167 171 432 0 0 
269 0 0 166 179 432 0 0 
270 0 0 166 187 432 0 0 
271 0 0 166 196 432 0 0 
272 0 0 167 204 431 0 0 
273 0 0 168 212 430 0 0 
274 0 0 170 220 428 0 0 
275 0 0 171 228 427 0 0 
276 0 0 172 236 426 0 0 
277 0 0 174 244 425 0 0 
278 0 6 175 244 423 0 0 
279 0 12 176 244 422 0 0 
280 0 19 178 244 420 0 0 
281 0 25 179 244 419 0 0 
282 0 31 180 244 418 0 0 
283 0 38 182 244 416 0 0 
284 0 45 182 244 417 0 0 
285 0 56 183 238 415 0 0 
286 0 67 185 232 413 0 0 
287 0 79 187 225 411 0 0 
288 0 90 185 219 413 0 0 
289 0 102 183 213 415 0 0 
290 0 114 181 207 417 0 0 
291 0 126 180 201 419 0 0 
292 0 134 181 198 418 0 0 
293 0 143 182 195 417 0 0 
294 0 151 184 193 415 0 0 
295 0 160 185 190 414 0 0 
296 0 168 186 187 413 0 0 
297 0 177 188 184 411 0 0 
298 0 185 189 182 410 0 0 
299 0 194 190 179 409 0 0 
300 0 203 192 176 407 0 0 
301 0 208 192 176 407 0 0 
302 0 214 192 176 407 0 0 
303 0 220 192 176 407 0 0 
304 0 226 191 174 407 0 0 
305 0 232 191 172 407 0 0 
306 0 238 191 171 407 0 0 
307 0 244 191 169 407 0 0 
308 0 251 191 167 407 0 0 
309 0 257 191 165 407 0 0 
310 0 263 191 163 407 0 0 
311 0 269 191 162 407 0 0 
312 0 275 191 160 407 0 0 
313 0 282 191 158 407 0 0 
314 0 284 191 158 407 0 0 
315 0 286 192 158 406 0 0 
316 0 288 192 158 406 0 0 
317 0 290 193 158 405 0 0 
318 0 292 193 158 405 0 0 
319 0 294 194 158 405 0 0 
320 0 294 194 158 405 0 0 
321 0 294 194 158 405 0 0 
322 0 294 194 158 405 0 0 
323 0 294 194 158 405 0 0 
324 0 294 194 158 405 0 0 
325 0 294 194 158 405 0 0 
326 0 294 194 158 405 0 0 
327 0 293 194 159 405 0 0 
328 0 293 194 159 405 0 0 
329 0 293 194 160 405 0 0 
330 0 292 194 161 405 0 0 
331 0 292 194 162 405 0 0 
332 0 292 194 162 405 0 0 
333 0 292 194 162 405 0 0 
334 0 291 194 164 405 0 0 
335 0 291 194 164 405 0 0 
336 0 291 194 165 405 0 0 
337 0 291 194 165 405 0 0 
338 0 290 194 166 405 0 0 
339 0 290 194 167 405 0 0 
340 0 290 194 167 405 0 0 
341 0 290 195 168 404 0 0 
342 0 287 194 169 404 0 0 
343 0 285 194 170 404 0 0 
344 0 283 194 170 404 0 0 
345 0 281 194 171 404 0 0 
346 0 279 194 171 404 0 0 
347 0 276 194 173 404 0 0 
348 0 274 194 173 404 0 0 
349 0 272 194 174 404 0 0 
350 0 270 194 174 404 0 0 
351 0 268 194 175 404 0 0 
352 0 264 194 176 404 0 0 
353 0 261 194 176 404 0 0 
354 0 257 194 177 404 0 0 
355 0 254 194 178 404 0 0 
356 0 250 194 179 404 0 0 
357 0 247 194 179 404 0 0 
358 0 243 194 181 404 0 0 
359 0 240 194 181 404 0 0 
360 0 236 194 182 404 0 0 
361 0 233 194 183 404 0 0 
362 0 229 194 184 404 0 0 
363 0 226 194 184 404 0 0 
364 0 223 194 185 405 0 0 
365 0 215 193 186 406 0 0 
366 0 207 192 187 407 0 0 
367 0 200 192 188 407 0 0 
368 0 192 191 189 408 0 0 
369 0 184 191 190 408 0 0 
370 0 176 190 192 409 0 0 
371 0 168 190 193 409 0 0 
372 0 161 189 194 410 0 0 
373 0 153 189 195 410 0 0 
374 0 145 188 197 411 0 0 
375 0 137 188 198 411 0 0 
376 0 130 188 199 411 0 0 
377 0 122 187 201 412 0 0 
378 0 114 187 203 412 0 0 
379 0 106 187 206 412 0 0 
380 0 98 186 208 413 0 0 
381 0 91 186 210 413 0 0 
382 0 83 186 212 413 0 0 
383 0 75 185 215 414 0 0 
384 0 67 185 217 414 0 0 
385 0 60 185 219 414 0 0 
386 0 52 184 220 415 0 0 
387 0 45 183 220 416 0 0 
388 0 37 182 221 417 0 0 
389 0 30 181 221 418 0 0 
390 0 22 180 222 419 0 0 
391 0 15 179 222 420 0 0 
392 0 7 178 223 421 0 0 
393 0 0 177 224 422 0 0 
394 0 0 176 215 423 0 0 
395 0 0 175 207 424 0 0 
396 0 0 174 198 425 0 0 
397 0 0 173 190 426 0 0 
398 0 0 172 181 427 0 0 
399 0 0 171 173 428 0 0 
400 0 0 170 165 429 0 0 
401 0 0 167 154 432 0 0 
402 0 0 164 143 435 0 0 
403 0 0 162 133 437 0 1 
404 0 0 162 121 437 0 1 
405 0 0 162 109 437 0 1 
406 0 0 163 98 436 0 1 
407 0 0 164 84 435 0 1 
408 0 0 166 71 433 0 1 
409 0 0 168 58 431 0 1 
410 0 0 170 45 429 1 1 
411 0 0 175 28 424 1 1 
412 0 0 181 11 418 1 1 
413 0 0 181 11 417 1 1 
414 0 0 181 11 417 1 1 
415 0 0 181 11 416 1 1 
416 0 0 181 12 416 1 1 
417 0 0 181 12 415 1 1 
418 0 0 181 12 415 1 1 
419 0 0 181 13 414 1 1 
420 0 0 181 13 414 1 1 
421 0 1 181 12 413 1 1 
422 0 1 181 13 413 1 1 
423 0 1 181 13 412 1 1 
424 0 1 181 13 412 1 1 
425 0 1 181 14 411 1 1 
426 0 1 181 14 411 1 1 
427 0 1 181 14 410 1 1 
428 0 1 181 15 410 1 1 
429 0 1 181 15 409 1 1 
430 0 2 181 14 409 1 1 
431 0 2 181 15 408 1 1 
432 0 2 182 15 407 1 1 
433 0 2 182 15 406 1 1 
434 0 2 182 16 406 1 1 
435 0 2 182 16 405 1 1 
436 0 2 182 16 405 1 1 
437 0 2 182 17 404 1 1 
438 0 3 182 16 404 1 1 
439 0 3 182 16 403 1 1 
440 0 3 182 17 403 1 1 
441 0 3 182 17 402 1 1 
442 0 3 182 17 402 1 1 
443 0 3 182 18 401 1 1 
444 0 3 182 18 401 1 1 
445 0 3 182 18 400 1 1 
446 0 3 182 19 400 1 1 
447 0 4 182 18 399 1 1 
448 0 4 182 18 399 1 1 
449 0 4 182 19 398 1 1 
450 0 4 182 19 398 1 1 
451 0 4 182 19 397 1 1 
452 0 4 183 20 396 1 1 
453 0 4 183 20 396 1 1 
454 0 4 183 20 395 1 1 
455 0 4 183 21 395 1 1 
456 0 5 183 20 394 1 1 
457 0 5 183 20 394 1 1 
458 0 5 183 21 393 1 1 
459 0 5 183 21 393 1 1 
460 0 5 183 21 392 1 1 
461 0 5 183 22 392 1 1 
462 0 5 183 22 391 1 1 
463 0 5 183 22 391 1 1 
464 0 6 183 22 390 1 1 
465 0 6 183 22 390 1 1 
466 0 6 183 22 389 1 1 
467 0 6 183 22 389 1 1 
468 0 6 183 23 388 1 1 
469 0 6 183 23 388 1 1 
470 0 6 183 23 387 1 1 
471 0 6 183 24 387 1 1 
472 0 6 184 24 385 1 1 
473 0 7 184 23 385 1 1 
474 0 7 184 24 384 1 1 
475 0 7 184 24 384 1 1 
476 0 7 184 24 383 1 1 
477 0 7 184 25 383 1 1 
478 0 7 184 25 382 1 1 
479 0 7 184 25 382 1 1 
480 0 7 184 26 381 1 1 
481 0 7 184 26 381 1 1 
482 0 8 184 25 380 1 1 
483 0 8 184 26 380 1 1 
484 0 8 184 26 379 1 1 
485 0 8 184 26 379 1 1 
486 0 8 184 27 378 1 1 
487 0 8 184 27 378 1 1 
488 0 8 184 27 377 1 1 
489 0 8 184 28 377 1 1 
490 0 9 184 27 376 1 1 
491 0 9 185 27 375 1 1 
492 0 9 185 28 374 1 1 
493 0 9 185 28 374 1 1 
494 0 9 185 28 374 1 1 
495 0 9 185 29 373 1 1 
496 0 9 185 29 373 1 1 
497 0 9 185 29 372 1 1 
498 0 9 185 30 372 1 1 
499 0 10 185 29 371 1 1 
500 0 10 185 29 371 1 1 
501 0 10 185 30 370 1 1 
502 0 10 185 30 370 1 1 
503 0 10 185 30 369 1 1 
504 0 10 185 31 369 1 1 
505 0 10 185 31 368 1 1 
506 0 10 185 31 368 1 1 
507 0 11 185 31 367 1 1 
508 0 11 185 31 367 1 1 
509 0 11 185 31 366 1 1 
510 0 11 185 32 366 1 1 
511 0 11 186 32 364 1 1 
512 0 11 186 32 364 1 1 
513 0 11 186 33 363 1 1 
514 0 11 186 33 363 1 1 
515 0 11 186 33 362 1 1 
516 0 12 186 33 362 1 1 
517 0 12 186 33 361 1 1 
518 0 12 186 33 361 1 1 
519 0 12 186 34 360 1 1 
520 0 12 186 34 360 1 1 
521 0 12 186 34 359 1 1 
522 0 12 186 34 359 1 1 
523 0 12 186 35 358 1 1 
524 0 12 186 35 358 1 1 
525 0 13 186 34 357 1 1 
526 0 13 186 35 357 1 1 
527 0 13 186 35 356 1 1 
528 0 13 186 35 356 1 1 
529 0 13 186 36 355 1 1 
530 0 13 186 36 355 1 1 
531 0 13 187 36 353 1 1 
532 0 13 187 37 353 1 1 
533 0 14 187 36 352 1 1 
534 0 14 187 36 352 1 1 
535 0 14 187 37 352 1 1 
536 0 14 187 37 351 1 1 
537 0 14 187 37 351 1 1 
538 0 14 187 38 350 1 1 
539 0 14 187 38 350 1 1 
540 0 14 187 38 349 1 1 
541 0 14 187 39 349 1 1 
542 0 15 187 38 348 1 1 
543 0 15 187 38 348 1 1 
544 0 15 187 39 347 1 1 
545 0 15 187 39 347 1 1 
546 0 15 187 39 346 1 1 
547 0 15 187 40 346 1 1 
548 0 15 187 40 345 1 1 
549 0 15 187 40 345 1 1 
550 0 15 188 41 343 1 1 
551 0 16 188 40 343 1 1 
552 0 16 188 40 342 1 1 
553 0 16 188 41 342 1 1 
554 0 16 188 41 341 1 1 
555 0 16 188 41 341 1 1 
556 0 16 188 42 340 1 1 
557 0 16 188 42 340 1 1 
558 0 16 188 42 339 1 1 
559 0 17 188 42 339 1 1 
560 0 17 188 42 338 1 1 
561 0 17 188 42 338 1 1 
562 0 17 188 43 337 1 1 
563 0 17 188 43 337 1 1 
564 0 17 188 43 336 1 1 
565 0 17 188 44 336 1 1 
566 0 17 188 44 335 1 1 
567 0 17 188 44 335 1 1 
568 0 18 188 44 334 1 1 
569 0 18 188 44 334 1 1 
570 0 18 189 44 332 1 1 
571 0 18 189 45 332 1 1 
572 0 18 189 45 331 1 1 
573 0 18 189 45 331 1 1 
574 0 18 189 46 330 1 1 
575 0 18 189 46 330 1 1 
576 0 19 189 45 330 1 1 
577 0 19 189 45 329 1 1 
578 0 19 189 46 329 1 1 
579 0 19 189 46 328 1 1 
580 0 19 189 46 328 1 1 
581 0 19 189 47 327 1 1 
582 0 19 189 47 327 1 1 
583 0 19 189 47 326 1 1 
584 0 19 189 48 326 1 1 
585 0 20 189 47 325 1 1 
586 0 20 189 47 325 1 1 
587 0 20 189 48 324 1 1 
588 0 20 189 48 324 1 1 
589 0 20 189 48 323 1 1 
590 0 20 190 49 322 1 1 
591 0 20 190 49 321 1 1 
592 0 20 190 49 321 1 1 
593 0 20 190 50 320 1 1 
594 0 21 190 49 320 1 1 
595 0 21 190 49 319 1 1 
596 0 21 190 50 319 1 1 
597 0 21 190 50 318 1 1 
598 0 21 190 50 318 1 1 
599 0 21 190 51 317 1 1 
600 0 21 190 51 317 1 1 
601 0 21 190 51 316 1 1 
602 0 22 190 51 316 1 1 
603 0 22 190 51 315 1 1 
604 0 22 190 51 315 1 1 
605 0 22 190 52 314 1 1 
606 0 22 190 52 314 1 1 
607 0 22 190 52 313 1 1 
608 0 22 190 53 313 1 1 
609 0 22 191 53 311 1 1 
610 0 22 191 53 311 1 1 
611 0 23 191 53 310 1 1 
612 0 23 191 53 310 1 1 
613 0 23 191 53 309 1 1 
614 0 23 191 54 309 1 1 
615 0 23 191 54 308 1 1 
616 0 23 191 54 308 1 1 
617 0 23 191 55 308 1 1 
618 0 23 191 55 307 1 1 
619 0 23 191 55 307 1 1 
620 0 24 191 55 306 1 1 
621 0 24 191 55 306 1 1 
622 0 24 191 55 305 1 1 
623 0 24 191 56 305 1 1 
624 0 24 191 56 304 1 1 
625 0 24 191 56 304 1 1 
626 0 24 191 57 303 1 1 
627 0 24 191 57 303 1 1 
628 0 25 191 56 302 1 1 
629 0 25 192 57 301 1 1 
630 0 25 192 57 300 1 1 
631 0 25 192 57 300 1 1 
632 0 25 192 57 299 1 1 
633 0 25 192 58 299 1 1 
634 0 25 192 58 298 1 1 
635 0 25 192 58 298 1 1 
636 0 25 192 59 297 1 1 
637 0 26 192 58 297 1 1 
638 0 26 192 58 296 1 1 
639 0 26 192 59 296 1 1 
640 0 26 192 59 295 1 1 
641 0 26 192 59 295 1 1 
642 0 26 192 60 294 1 1 
643 0 26 192 60 294 1 1 
644 0 26 192 60 293 1 1 
645 0 26 192 61 293 1 1 
646 0 27 192 60 292 1 1 
647 0 27 192 60 292 1 1 
648 0 27 192 61 291 1 1 
649 0 27 193 61 290 1 1 
650 0 27 193 61 289 1 1 
651 0 27 193 62 289 1 1 
652 0 27 193 62 288 1 1 
653 0 27 193 62 288 1 1 
654 0 28 193 62 287 1 1 
655 0 28 193 62 287 1 1 
656 0 28 193 62 286 1 1 
657 0 28 193 63 286 1 1 
658 0 28 193 63 286 1 1 
659 0 28 193 63 285 1 1 
660 0 28 193 64 285 1 1 
661 0 28 193 64 284 1 1 
662 0 28 193 64 284 1 1 
663 0 29 193 64 283 1 1 
664 0 29 193 64 283 1 1 
665 0 29 193 64 282 1 1 
666 0 29 193 65 282 1 1 
667 0 29 193 65 281 1 1 
668 0 29 194 65 280 1 1 
669 0 29 194 66 279 1 1 
670 0 29 194 66 279 1 1 
671 0 30 194 65 278 1 1 
672 0 30 194 66 278 1 1 
673 0 30 194 66 277 1 1 
674 0 30 194 66 277 1 1 
675 0 30 194 67 276 1 1 
676 0 30 194 67 276 1 1 
677 0 30 194 67 275 1 1 
678 0 30 194 68 275 1 1 
679 0 30 194 68 274 1 1 
680 0 31 194 67 274 1 1 
681 0 31 194 68 273 1 1 
682 0 31 194 68 273 1 1 
683 0 31 194 68 272 1 1 
684 0 31 194 69 272 1 1 
685 0 31 194 69 271 1 1 
686 0 31 194 69 271 1 1 
687 0 31 194 69 270 1 1 
688 0 31 195 70 269 1 1 
689 0 32 195 69 268 1 1 
690 0 32 195 69 268 1 1 
691 0 32 195 70 267 1 1 
692 0 32 195 70 267 1 1 
693 0 32 195 70 266 1 1 
694 0 32 195 71 266 1 1 
695 0 32 195 71 265 1 1 
696 0 32 195 71 265 1 1 
697 0 33 195 71 264 1 1 
698 0 33 195 71 264 1 1 
699 0 33 195 71 264 1 1 
700 0 33 195 72 263 1 1 
701 0 33 195 72 263 1 1 
702 0 33 195 72 262 1 1 
703 0 33 195 73 262 1 1 
704 0 33 195 73 261 1 1 
705 0 33 195 73 261 1 1 
706 0 34 195 73 260 1 1 
707 0 34 195 73 260 1 1 
708 0 34 196 73 258 1 1 
709 0 34 196 74 258 1 1 
710 0 34 196 74 257 1 1 
711 0 34 196 74 257 1 1 
712 0 34 196 75 256 1 1 
713 0 34 196 75 256 1 1 
714 0 34 196 75 255 1 1 
715 0 35 196 75 255 1 1 
716 0 35 196 75 254 1 1 
717 0 35 196 75 254 1 1 
718 0 35 196 76 253 1 1 
719 0 35 196 76 253 1 1 
720 0 35 196 76 252 1 1 
721 0 35 196 77 252 1 1 
722 0 35 196 77 251 1 1 
723 0 36 196 76 251 1 1 
724 0 36 196 77 250 1 1 
725 0 36 196 77 250 1 1 
726 0 36 196 77 249 1 1 
727 0 36 197 78 248 1 1 
728 0 36 197 78 247 1 1 
729 0 36 197 78 247 1 1 
730 0 36 197 79 246 1 1 
731 0 36 197 79 246 1 1 
732 0 37 197 78 245 1 1 
733 0 37 197 79 245 1 1 
734 0 37 197 79 244 1 1 
735 0 37 197 79 244 1 1 
736 0 37 197 80 243 1 1 
737 0 37 197 80 243 1 1 
738 0 37 197 80 242 1 1 
739 0 37 197 81 242 1 1 
740 0 38 197 80 242 1 1 
741 0 38 197 80 241 1 1 
742 0 38 197 80 241 1 1 
743 0 38 197 81 240 1 1 
744 0 38 197 81 240 1 1 
745 0 38 197 81 239 1 1 
746 0 38 197 82 239 1 1 
747 0 38 198 82 237 1 1 
748 0 38 198 82 237 1 1 
749 0 39 198 82 236 1 1 
750 0 39 198 82 236 1 1 
751 0 39 198 82 235 1 1 
752 0 39 198 83 235 1 1 
753 0 39 198 83 234 1 1 
754 0 39 198 83 234 1 1 
755 0 39 198 84 233 1 1 
756 0 39 198 84 233 1 1 
757 0 39 198 84 232 1 1 
758 0 40 198 84 232 1 1 
759 0 40 198 84 231 1 1 
760 0 40 198 84 231 1 1 
761 0 40 198 85 230 1 1 
762 0 40 198 85 230 1 1 
763 0 40 198 85 229 1 1 
764 0 40 198 86 229 1 1 
765 0 40 198 86 228 1 1 
766 0 41 198 85 228 1 1 
767 0 41 199 86 226 1 1 
768 0 41 199 86 226 1 1 
769 0 41 199 86 225 1 1 
770 0 41 199 87 225 1 1 
771 0 41 199 87 224 1 1 
772 0 41 199 87 224 1 1 
773 0 41 199 88 223 1 1 
774 0 41 199 88 223 1 1 
775 0 42 199 87 222 1 1 
776 0 42 199 88 222 1 1 
777 0 42 199 88 221 1 1 
778 0 42 199 88 221 1 1 
779 0 42 199 89 220 1 1 
780 0 42 199 89 220 1 1 
781 0 42 199 89 220 1 1 
782 0 42 199 90 219 1 1 
783 0 42 199 90 219 1 1 
784 0 43 199 89 218 1 1 
785 0 43 199 90 218 1 1 
786 0 43 200 90 216 1 1 
787 0 43 200 90 216 1 1 
788 0 43 200 91 215 1 1 
789 0 43 200 91 215 1 1 
790 0 43 200 91 214 1 1 
791 0 43 200 92 214 1 1 
792 0 44 200 91 213 1 1 
793 0 44 200 91 213 1 1 
794 0 44 200 92 212 1 1 
795 0 44 200 92 212 1 1 
796 0 44 200 92 211 1 1 
797 0 44 200 92 211 1 1 
798 0 44 200 93 210 1 1 
799 0 44 200 93 210 1 1 
800 0 44 200 93 209 1 1 
801 0 45 200 93 209 1 1 
802 0 45 200 93 208 1 1 
803 0 45 200 93 208 1 1 
804 0 45 200 94 207 1 1 
805 0 45 200 94 207 1 1 
806 0 45 201 94 205 1 1 
807 0 45 201 95 205 1 1 
808 0 45 201 95 204 1 1 
809 0 45 201 95 204 1 1 
810 0 46 201 95 203 1 1 
811 0 46 201 95 203 1 1 
812 0 46 201 95 202 1 1 
813 0 46 201 96 202 1 1 
814 0 46 201 96 201 1 1 
815 0 46 201 96 201 1 1 
816 0 46 201 97 200 1 1 
817 0 46 201 97 200 1 1 
818 0 47 201 96 199 1 1 
819 0 47 201 97 199 1 1 
820 0 47 201 97 198 1 1 
821 0 47 201 97 198 1 1 
822 0 47 201 98 198 1 1 
823 0 47 201 98 197 1 1 
824 0 47 201 98 197 1 1 
825 0 47 201 99 196 1 1 
826 0 47 202 99 195 1 1 
827 0 48 202 98 194 1 1 
828 0 48 202 99 194 1 1 
829 0 48 202 99 193 1 1 
830 0 48 202 99 193 1 1 
831 0 48 202 100 192 1 1 
832 0 48 202 100 192 1 1 
833 0 48 202 100 191 1 1 
834 0 48 202 101 191 1 1 
835 0 49 202 100 190 1 1 
836 0 49 202 100 190 1 1 
837 0 49 202 101 189 1 1 
838 0 49 202 101 189 1 1 
839 0 49 202 101 188 1 1 
840 0 49 202 102 188 1 1 
841 0 49 202 102 187 1 1 
842 0 49 202 102 187 1 1 
843 0 49 202 103 186 1 1 
844 0 50 202 102 186 1 1 
845 0 50 203 102 184 1 1 
846 0 50 203 103 184 1 1 
847 0 50 203 103 183 1 1 
848 0 50 203 103 183 1 1 
849 0 50 203 104 182 1 1 
850 0 50 203 104 182 1 1 
851 0 50 203 104 181 1 1 
852 0 50 203 104 181 1 1 
853 0 51 203 104 180 1 1 
854 0 51 203 104 180 1 1 
855 0 51 203 104 179 1 1 
856 0 51 203 105 179 1 1 
857 0 51 203 105 178 1 1 
858 0 51 203 105 178 1 1 
859 0 51 203 106 177 1 1 
860 0 51 203 106 177 1 1 
861 0 52 203 105 176 1 1 
862 0 52 203 106 176 1 1 
863 0 52 203 106 176 1 1 
864 0 52 203 106 175 1 1 
865 0 52 204 107 174 1 1 
866 0 52 204 107 173 1 1 
867 0 52 204 107 173 1 1 
868 0 52 204 108 172 1 1 
869 0 52 204 108 172 1 1 
870 0 53 204 107 171 1 1 
871 0 53 204 108 171 1 1 
872 0 53 204 108 170 1 1 
873 0 53 204 108 170 1 1 
874 0 53 204 109 169 1 1 
875 0 53 204 109 169 1 1 
876 0 53 204 109 168 1 1 
877 0 53 204 110 168 1 1 
878 0 53 204 110 167 1 1 
879 0 54 204 109 167 1 1 
880 0 54 204 110 166 1 1 
881 0 54 204 110 166 1 1 
882 0 54 204 110 165 1 1 
883 0 54 204 111 165 1 1 
884 0 54 204 111 164 1 1 
885 0 54 205 111 163 1 1 
886 0 54 205 112 162 1 1 
887 0 55 205 111 162 1 1 
888 0 55 205 111 161 1 1 
889 0 55 205 112 161 1 1 
890 0 55 205 112 160 1 1 
891 0 55 205 112 160 1 1 
892 0 55 205 113 159 1 1 
893 0 55 205 113 159 1 1 
894 0 55 205 113 158 1 1 
895 0 55 205 114 158 1 1 
896 0 56 205 113 157 1 1 
897 0 56 205 113 157 1 1 
898 0 56 205 114 156 1 1 
899 0 56 205 114 156 1 1 
900 0 56 205 114 155 1 1 
901 0 56 205 115 155 1 1 
902 0 56 205 115 154 1 1 
903 0 56 205 115 154 1 1 
904 0 57 206 115 153 0 1 
905 0 93 210 115 144 0 1 
906 0 124 211 100 134 0 1 
907 0 156 214 95 128 0 1 
908 0 181 214 89 119 0 1 
909 0 209 215 80 112 0 1 
910 0 222 215 80 112 0 1 
911 0 235 215 80 112 0 0 
912 0 230 216 80 112 0 0 
913 0 226 218 80 112 0 0 
914 0 226 217 79 113 0 0 
915 0 227 217 77 113 0 0 
916 0 227 216 76 114 0 0 
917 0 228 216 74 114 0 0 
918 0 228 215 73 115 0 0 
919 0 229 215 71 115 0 0 
920 0 230 215 69 116 0 0 
921 0 232 215 69 116 0 0 
922 0 235 215 69 116 0 0 
923 0 238 215 69 116 0 0 
924 0 240 215 69 116 0 0 
925 0 243 215 69 116 0 0 
926 0 246 215 69 116 0 0 
927 0 249 215 69 116 0 0 
928 0 253 215 69 116 0 0 
929 0 258 216 69 116 0 0 
930 0 263 216 69 116 0 0 
931 0 268 216 69 116 0 0 
932 0 273 216 69 116 0 0 
933 0 278 216 69 116 0 0 
934 0 282 216 69 116 0 0 
935 0 286 216 69 116 0 0 
936 0 290 217 69 116 0 0 
937 0 289 216 69 116 0 0 
938 0 288 216 69 116 0 0 
939 0 287 216 69 116 0 0 
940 0 286 216 69 116 0 0 
941 0 285 216 69 116 0 0 
942 0 284 215 69 118 0 0 
943 0 284 215 69 119 0 0 
944 0 283 215 70 120 0 0 
945 0 283 215 70 121 0 0 
946 0 282 215 71 122 0 0 
947 0 282 215 71 123 0 0 
948 0 282 215 71 125 0 0 
949 0 280 215 72 126 0 0 
950 0 279 215 72 127 0 0 
951 0 278 215 72 128 0 0 
952 0 276 215 73 129 0 0 
953 0 275 215 74 130 0 0 
954 0 274 215 74 131 0 0 
955 0 272 215 75 132 0 0 
956 0 271 215 75 133 0 0 
957 0 270 215 76 135 0 0 
958 0 268 214 77 137 0 0 
959 0 267 214 78 138 0 0 
960 0 266 214 79 139 0 0 
961 0 265 214 80 140 0 0 
962 0 264 214 81 142 0 0 
963 0 263 214 82 143 0 0 
964 0 262 214 82 144 0 0 
965 0 261 214 83 145 0 0 
966 0 260 214 84 147 0 0 
967 0 259 214 85 148 0 0 
968 0 258 214 86 149 0 0 
969 0 257 214 87 150 0 0 
970 0 256 214 88 152 0 0 
971 0 254 213 89 154 0 0 
972 0 253 213 89 155 0 0 
973 0 252 213 89 156 0 0 
974 0 251 213 89 157 0 0 
975 0 249 213 90 158 0 0 
976 0 248 213 90 159 0 0 
977 0 247 212 90 162 0 0 
978 0 246 212 90 163 0 0 
979 0 244 212 91 164 0 0 
980 0 243 212 91 165 0 0 
981 0 242 212 91 166 0 0 
982 0 241 212 91 167 0 0 
983 0 240 212 92 169 0 0 
984 0 238 211 93 172 0 0 
985 0 236 211 94 174 0 0 
986 0 235 211 95 176 0 0 
987 0 233 211 96 178 0 0 
988 0 231 211 97 180 0 0 
989 0 230 211 98 182 0 0 
990 0 228 210 99 185 0 0 
991 0 226 210 100 187 0 0 
992 0 225 210 101 189 0 0 
993 0 223 210 102 191 0 0 
994 0 221 210 103 193 0 0 
995 0 220 210 104 195 0 0 
996 0 217 210 106 198 0 0 
997 0 215 210 107 202 0 0 
998 0 213 210 108 205 0 0 
999 0 211 210 109 209 0 0 
1000 0 209 210 110 212 0 0 
1001 0 207 211 111 215 0 0 
1002 0 205 211 112 218 0 0 
1003 0 203 211 113 222 0 0 
1004 0 201 211 114 225 0 0 
1005 0 199 211 115 229 0 0 
1006 0 197 212 116 231 0 0 
1007 0 195 212 117 235 0 0 
1008 0 193 212 118 238 0 0 
1009 0 191 212 119 242 0 0 
1010 0 189 212 120 245 0 0 
1011 0 187 213 122 248 0 0 
1012 0 183 212 124 254 0 0 
1013 0 180 212 125 259 0 0 
1014 0 176 211 128 265 0 0 
1015 0 173 211 129 270 0 0 
1016 0 169 210 131 276 0 0 
1017 0 166 210 133 282 0 0 
1018 0 162 209 135 288 0 0 
1019 0 159 209 136 293 0 0 
1020 0 155 209 139 298 0 0 
1021 0 152 208 140 304 0 0 
1022 0 148 208 142 309 0 0 
1023 0 145 207 144 316 0 0 
1024 0 141 207 146 321 0 0 
1025 0 138 206 147 327 0 0 
1026 0 134 206 150 332 0 0 
1027 0 131 205 151 338 0 0 
1028 0 127 205 153 343 0 0 
1029 0 124 205 155 349 0 0 
1030 0 125 204 156 352 0 0 
1031 0 126 204 157 355 0 0 
1032 0 128 204 157 357 0 0 
1033 0 129 204 158 360 0 0 
1034 0 131 204 158 363 0 0 
1035 0 132 204 160 365 0 0 
1036 0 133 204 161 368 0 0 
1037 0 135 204 161 371 0 0 
1038 0 136 203 162 374 0 0 
1039 0 138 203 162 377 0 0 
1040 0 139 203 163 380 0 0 
1041 0 140 203 165 382 0 0 
1042 0 142 203 165 385 0 0 
1043 0 143 203 166 388 0 0 
1044 0 145 203 166 390 0 0 
1045 0 146 203 167 393 0 0 
1046 0 148 203 168 396 0 0 
1047 0 154 203 168 396 0 0 
1048 0 160 203 168 396 0 0 
1049 0 166 203 168 396 0 0 
1050 0 172 203 168 396 0 0 
1051 0 178 203 168 396 0 0 
1052 0 185 203 168 396 0 0 
1053 0 191 203 168 396 0 0 
1054 0 197 203 168 396 0 0 
1055 0 203 203 168 396 0 0 
1056 0 209 203 168 396 0 0 
1057 0 215 203 168 396 0 0 
1058 0 222 203 168 396 0 0 
1059 0 227 203 168 396 0 0 
1060 0 232 203 168 396 0 0 
1061 0 237 203 168 396 0 0 
1062 0 243 203 168 396 0 0 
1063 0 248 203 168 396 0 0 
1064 0 253 203 168 396 0 0 
1065 0 259 204 168 395 0 0 
1066 0 262 204 170 395 0 0 
1067 0 265 204 172 395 0 0 
1068 0 268 204 174 395 0 0 
1069 0 265 203 176 396 0 0 
1070 0 262 203 178 396 0 0 
1071 0 259 202 181 397 0 0 
1072 0 256 202 183 397 0 0 
1073 0 253 201 186 398 0 0 
1074 0 250 201 188 398 0 0 
1075 0 247 200 191 399 0 0 
1076 0 244 200 193 399 0 0 
1077 0 242 200 195 399 0 0 
1078 0 240 199 197 400 0 0 
1079 0 238 199 199 400 0 0 
1080 0 237 199 201 400 0 0 
1081 0 235 199 203 400 0 0 
1082 0 233 199 205 400 0 0 
1083 0 232 198 207 401 0 0 
1084 0 230 198 209 401 0 0 
1085 0 228 198 211 401 0 0 
1086 0 227 198 213 401 0 0 
1087 0 225 198 215 401 0 0 
1088 0 223 197 218 402 0 0 
1089 0 222 197 219 402 0 0 
1090 0 220 197 221 402 0 0 
1091 0 218 197 224 402 0 0 
1092 0 217 197 225 402 0 0 
1093 0 215 197 227 402 0 0 
1094 0 213 196 230 403 0 0 
1095 0 212 196 231 403 0 0 
1096 0 210 196 234 403 0 0 
1097 0 208 196 236 403 0 0 
1098 0 207 196 237 403 0 0 
1099 0 205 195 240 404 0 0 
1100 0 203 195 242 404 0 0 
1101 0 202 195 243 404 0 0 
1102 0 200 195 246 404 0 0 
1103 0 198 195 248 404 0 0 
1104 0 197 195 250 404 0 0 
1105 0 197 194 250 404 0 0 
1106 0 197 194 250 404 0 0 
1107 0 197 194 250 404 0 0 
1108 0 197 194 250 404 0 0 
1109 0 197 194 250 404 0 0 
1110 0 197 194 250 404 0 0 
1111 0 197 193 250 405 0 0 
1112 0 197 193 250 405 0 0 
1113 0 197 193 250 405 0 0 
1114 0 197 193 250 405 0 0 
1115 0 197 193 250 405 0 0 
1116 0 197 193 250 405 0 0 
1117 0 197 192 250 406 0 0 
1118 0 197 192 250 406 0 0 
1119 0 197 191 250 407 0 0 
1120 0 197 191 250 407 0 0 
1121 0 197 190 250 408 0 0 
1122 0 197 190 250 408 0 0 
1123 0 197 189 250 409 0 0 
1124 0 197 189 250 409 0 0 
1125 0 197 189 250 409 0 0 
1126 0 197 188 250 410 0 0 
1127 0 197 188 250 410 0 0 
1128 0 197 187 250 411 0 0 
1129 0 197 187 250 411 0 0 
1130 0 197 186 250 412 0 0 
1131 0 197 186 250 412 0 0 
1132 0 197 186 250 413 0 0 
1133 0 197 186 250 412 0 0 
1134 0 197 186 250 412 0 0 
1135 0 197 186 251 412 0 0 
1136 0 197 186 251 412 0 0 
1137 0 198 186 251 412 0 0 
1138 0 198 186 251 412 0 0 
1139 0 198 186 252 412 0 0 
1140 0 198 186 252 412 0 0 
1141 0 199 186 252 412 0 0 
1142 0 199 186 252 412 0 0 
1143 0 199 186 253 412 0 0 
1144 0 199 187 253 411 0 0 
1145 0 199 187 254 411 0 0 
1146 0 200 187 253 411 0 0 
1147 0 200 187 254 411 0 0 
1148 0 200 187 254 411 0 0 
1149 0 200 187 255 411 0 0 
1150 0 201 187 254 411 0 0 
1151 0 201 187 254 410 0 0 
1152 0 201 187 255 410 0 0 
1153 0 201 187 255 410 0 0 
1154 0 201 187 256 410 0 0 
1155 0 202 187 255 410 0 0 
1156 0 202 188 256 409 0 0 
1157 0 202 188 256 409 0 0 
1158 0 202 188 257 409 0 0 
1159 0 203 188 256 409 0 0 
1160 0 203 188 257 409 0 0 
1161 0 203 188 257 409 0 0 
1162 0 203 188 258 409 0 0 
1163 0 203 188 258 409 0 0 
1164 0 204 188 258 409 0 0 
1165 0 204 188 258 409 0 0 
1166 0 204 188 259 409 0 0 
1167 0 204 188 259 409 0 0 
1168 0 205 189 259 408 0 0 
