48 0 282 288 34 87
49 0 281 289 34 85
50 0 279 290 35 84
53 0 275 288 40 95
58 0 270 303 40 101
64 0 257 296 50 117
68 0 246 300 45 118
69 0 241 301 46 119
70 0 236 299 50 125
71 0 232 295 55 133
72 0 229 292 59 136
73 0 225 292 65 135
74 0 223 292 67 137
75 0 222 293 70 135
76 0 220 288 76 147
77 0 217 289 78 146
78 0 215 287 80 150
79 0 212 285 86 155
80 0 206 242 108 181
81 0 197 228 96 208
82 0 192 223 103 213
83 0 190 226 106 209
84 0 186 216 108 224
85 0 182 211 110 231
86 0 174 208 119 235
87 0 171 207 121 237
88 0 163 201 130 250
89 0 157 198 135 253
90 0 151 195 140 258
91 0 148 192 144 263
92 0 138 190 160 268
93 0 128 185 176 278
94 0 123 187 185 271
95 0 107 191 181 277
96 0 103 190 181 277
97 0 98 188 180 301
98 0 89 188 185 298
99 0 86 190 184 291
100 0 76 190 199 289
101 0 45 188 225 295
102 0 36 189 231 295
103 0 28 191 239 290
104 0 37 186 231 304
105 0 42 192 222 286
106 0 37 191 226 290
107 0 29 193 228 340
108 0 28 191 229 347
109 0 29 189 228 350
110 0 22 196 234 334
111 0 18 196 238 333
112 0 15 196 244 334
113 0 17 182 248 303
114 0 14 183 247 298
114 1 0 374 200 216
115 0 12 181 249 306
115 1 0 382 200 210
116 0 11 183 251 302
117 0 18 185 236 301
117 1 0 393 195 206
118 0 2 188 223 356
119 0 17 184 241 303
119 1 0 397 191 202
120 0 5 188 217 360
121 0 4 190 224 352
122 0 4 186 219 364
123 0 5 189 224 351
124 0 1 183 232 366
125 0 1 179 233 376
126 0 5 190 212 390
127 0 4 180 228 371
128 0 15 188 197 357
129 0 15 174 199 378
130 0 21 174 184 384
131 0 14 182 193 373
132 0 8 176 202 387
133 0 10 175 189 392
134 0 2 182 197 378
135 0 0 186 198 367
136 0 0 162 199 409
137 0 0 159 197 412
138 0 0 155 199 424
139 0 0 156 198 422
140 0 2 144 191 443
141 0 5 242 187 356
142 0 2 238 191 361
143 0 0 386 151 208
144 0 1 390 148 202
145 0 2 392 143 199
146 0 0 397 141 193
147 0 2 397 144 194
148 0 1 400 143 191
260 0 0 115 107 484
261 0 0 129 110 470
262 0 2 131 109 468
263 0 2 184 123 409
264 0 2 150 129 434
265 0 0 172 146 426
266 0 3 142 144 450
267 0 1 147 155 442
268 0 5 173 168 396
269 0 0 175 181 394
270 0 3 182 184 403
271 0 0 176 201 384
272 0 0 165 207 413
273 0 0 160 216 422
274 0 3 162 226 421
275 0 6 180 231 412
276 0 8 187 242 396
277 0 28 181 222 379
278 0 44 188 212 364
279 0 43 187 229 370
280 0 20 197 268 379
281 0 79 190 199 364
282 0 84 195 195 355
283 0 79 191 206 362
284 0 77 199 214 374
285 0 85 192 218 362
286 0 87 204 226 369
287 0 95 194 219 385
288 0 125 191 183 392
289 0 137 190 169 397
290 0 140 195 177 386
291 0 146 195 180 386
292 0 205 212 131 316
293 0 174 187 169 405
294 0 179 174 165 424
295 0 190 178 155 416
296 0 199 182 150 413
297 0 208 182 149 410
298 0 205 191 155 396
299 0 229 168 151 431
300 0 228 166 157 433
301 0 231 170 157 429
302 0 237 170 151 429
303 0 245 173 148 426
304 0 251 174 146 425
305 0 252 182 151 408
306 0 283 177 128 387
307 0 268 157 156 442
308 0 272 164 159 435
309 0 281 156 159 443
310 0 276 171 158 426
311 0 290 177 151 415
312 0 285 168 178 431
313 0 286 165 175 434
314 0 323 178 128 388
315 0 317 147 150 452
316 0 317 153 150 446
317 0 321 158 143 441
318 0 322 159 141 440
319 0 320 153 141 446
320 0 322 157 139 442
321 0 321 160 140 439
322 0 320 151 143 448
323 0 321 160 142 439
324 0 321 155 141 444
325 0 323 169 132 407
326 0 324 169 131 407
327 0 322 160 139 439
328 0 322 162 138 437
329 0 320 154 142 445
330 0 322 157 140 442
331 0 322 158 140 441
332 0 322 155 139 444
333 0 324 169 132 408
334 0 322 160 140 439
335 0 322 159 140 440
336 0 321 156 141 443
337 0 322 158 139 441
338 0 321 155 141 444
339 0 324 163 132 419
340 0 324 165 132 415
341 0 322 156 139 443
342 0 323 181 131 381
343 0 324 180 128 385
344 0 327 179 124 387
345 0 286 166 173 433
346 0 285 169 176 430
347 0 294 175 147 419
348 0 294 171 147 428
349 0 293 178 150 415
350 0 288 184 158 405
351 0 290 178 151 414
352 0 287 177 154 415
353 0 286 170 152 427
354 0 276 169 158 429
355 0 279 155 160 444
356 0 273 166 162 433
357 0 273 159 155 440
358 0 269 156 155 443
359 0 248 187 159 397
360 0 249 183 154 405
361 0 249 179 152 415
362 0 253 173 145 425
363 0 248 171 149 428
364 0 244 173 148 425
365 0 238 171 152 427
366 0 234 168 155 431
367 0 227 167 161 432
368 0 230 165 150 434
369 0 238 181 137 412
370 0 211 186 145 403
371 0 202 185 149 406
372 0 188 179 157 416
373 0 186 178 158 412
374 0 175 182 168 410
375 0 175 184 168 405
376 0 203 203 132 335
377 0 140 196 178 384
378 0 136 194 173 391
379 0 129 192 180 389
380 0 89 194 229 388
381 0 90 203 224 372
382 0 90 195 218 355
383 0 90 198 205 347
384 0 88 194 201 355
385 0 80 195 199 355
386 0 82 193 190 359
387 0 79 196 193 378
388 0 77 194 191 382
389 0 41 184 221 372
390 0 34 181 221 380
391 0 7 194 247 383
392 0 14 184 229 402
393 0 0 177 242 415
394 0 5 160 215 425
395 0 0 162 213 419
396 0 0 171 204 398
397 0 0 187 196 397
398 0 0 175 185 393
399 0 3 171 173 402
400 0 1 149 157 438
401 0 1 136 150 463
402 0 0 170 148 429
403 0 0 175 144 423
404 0 5 144 120 449
405 0 2 134 114 465
406 0 0 127 115 472
407 0 0 125 108 473
408 0 0 118 106 481
409 0 1 235 107 364
654 0 474 243 67 65
910 0 230 222 62 95
911 0 238 219 54 102
912 0 232 213 59 113
913 0 229 210 62 114
914 0 230 210 61 115
915 0 232 211 57 112
916 0 233 210 58 117
917 0 234 211 57 115
918 0 233 211 59 113
919 0 229 207 64 122
920 0 229 208 63 120
921 0 233 210 59 119
922 0 233 211 56 117
923 0 236 210 55 121
924 0 239 214 53 116
925 0 239 211 54 119
926 0 242 213 55 115
927 0 246 216 55 112
928 0 248 216 57 112
929 0 254 218 53 109
930 0 255 220 54 102
931 0 272 212 62 108
932 0 276 211 55 117
933 0 280 212 51 115
934 0 282 213 55 114
935 0 283 214 58 112
936 0 287 216 56 110
937 0 288 216 55 112
938 0 286 215 54 111
939 0 255 241 58 77
939 1 285 213 55 115
940 0 284 214 56 114
941 0 254 241 61 78
941 1 284 214 55 115
942 0 252 239 64 81
942 1 283 213 56 116
943 0 252 240 63 80
943 1 283 214 56 114
944 0 254 235 64 89
944 1 280 212 56 120
945 0 252 234 66 89
945 1 281 212 54 119
946 0 282 213 52 119
947 0 281 213 53 121
948 0 282 213 55 122
949 0 282 213 54 123
950 0 283 214 51 122
951 0 283 212 51 125
952 0 282 211 52 127
953 0 281 211 52 127
954 0 279 210 53 132
955 0 279 212 54 129
956 0 278 212 54 128
957 0 277 211 57 128
958 0 276 212 59 127
959 0 275 213 60 126
960 0 273 212 64 129
961 0 272 211 66 133
962 0 270 212 66 130
963 0 269 213 67 127
964 0 269 213 68 125
965 0 269 213 68 125
966 0 270 214 70 120
967 0 268 217 74 113
970 0 263 212 84 132
971 0 262 211 84 134
973 0 247 205 76 149
974 0 246 205 77 149
976 0 247 203 72 152
977 0 234 229 88 127
978 0 235 226 85 132
979 0 232 227 89 132
980 0 234 224 85 140
981 0 232 222 87 144
982 0 236 219 80 148
983 0 237 218 80 152
984 0 234 218 83 152
985 0 234 219 83 151
986 0 231 219 86 152
987 0 228 220 89 152
988 0 230 217 87 157
989 0 231 216 84 160
990 0 227 214 91 164
991 0 227 214 90 164
992 0 224 215 93 163
993 0 226 213 87 169
994 0 227 211 85 172
995 0 226 211 84 174
996 0 225 212 84 177
997 0 224 212 87 177
998 0 224 211 86 183
999 0 220 212 90 182
1000 0 220 213 88 183
1001 0 219 214 90 183
1002 0 218 215 90 182
1003 0 217 214 91 185
1004 0 213 216 98 180
1005 0 197 221 96 178
1006 0 195 223 101 175
1007 0 195 219 102 185
1008 0 195 220 102 184
1009 0 184 225 104 201
1010 0 182 224 108 206
1011 0 184 219 102 221
1012 0 185 217 98 222
1013 0 182 215 104 229
1014 0 177 214 109 237
1015 0 175 214 113 239
1016 0 174 213 110 246
1017 0 170 213 113 245
1018 0 169 216 111 240
1019 0 168 218 112 237
1020 0 167 217 114 240
1021 0 164 212 117 250
1022 0 160 210 121 252
1023 0 159 206 118 264
1024 0 136 204 127 273
1025 0 127 216 134 277
1026 0 122 218 140 271
1027 0 114 218 154 272
1028 0 113 215 152 280
1029 0 113 215 152 280
1030 0 111 219 155 274
1031 0 109 219 159 274
1032 0 110 220 158 268
1033 0 108 225 162 259
1034 0 109 222 159 267
1035 0 110 225 159 262
1036 0 112 223 158 267
1037 0 116 223 160 266
1038 0 114 225 166 263
1039 0 115 220 164 274
1040 0 117 216 162 286
1041 0 119 214 166 293
1042 0 117 211 173 293
1043 0 114 210 178 301
1044 0 153 218 141 289
1045 0 158 219 138 285
1046 0 156 220 145 290
1047 0 162 214 145 298
1048 0 167 201 154 319
1049 0 165 194 162 328
1050 0 158 200 179 321
1051 0 201 219 131 291
1052 0 205 206 133 321
1053 0 209 200 137 331
1054 0 218 196 134 340
1055 0 214 196 146 338
1056 0 212 195 158 337
1057 0 239 211 132 316
1058 0 241 208 137 320
1059 0 244 195 135 351
1060 0 249 195 139 349
1061 0 245 197 157 383
1062 0 260 195 143 344
1063 0 256 189 155 357
1064 0 282 211 134 316
1065 0 279 187 145 401
1066 0 284 188 145 402
1067 0 289 193 149 392
1068 0 289 178 157 421
1069 0 289 179 153 420
1070 0 280 196 156 389
1071 0 284 196 150 396
1072 0 283 200 149 384
1073 0 281 205 151 379
1074 0 250 216 212 360
1075 0 250 219 215 356
1076 0 247 219 215 357
1077 0 245 221 215 356
1078 0 275 203 158 386
1079 0 242 222 219 354
1080 0 242 221 220 358
1081 0 243 223 219 354
1082 0 238 223 228 353
1083 0 199 216 252 361
1084 0 233 222 237 356
1085 0 238 220 230 357
1086 0 240 223 226 351
1087 0 238 222 228 352
1088 0 200 217 254 360
1089 0 199 217 257 357
1090 0 193 219 265 353
1091 0 197 217 259 358
1092 0 198 217 257 360
1093 0 233 219 238 358
1094 0 187 222 274 351
1095 0 274 207 162 377
1096 0 274 211 163 368
1097 0 274 210 162 371
1098 0 184 216 279 362
1099 0 274 202 163 385
1100 0 184 218 279 357
1101 0 275 209 161 372
1102 0 179 218 289 358
1103 0 275 207 161 377
1104 0 183 219 282 356
1105 0 182 220 282 354
1106 0 276 205 160 380
1107 0 180 218 286 357
1108 0 274 206 162 378
1109 0 229 218 250 359
1110 0 275 207 162 377
1111 0 184 218 280 357
1112 0 183 217 282 360
1113 0 275 207 161 376
1114 0 275 205 162 380
1115 0 275 204 162 382
1116 0 274 205 163 380
1117 0 186 217 278 359
1118 0 174 220 296 355
1119 0 231 216 245 361
1120 0 275 203 164 384
1121 0 272 203 167 383
1122 0 181 217 289 358
1123 0 273 207 166 378
1124 0 272 204 165 387
1125 0 275 202 161 386
1126 0 276 202 160 384
1127 0 276 201 160 388
1128 0 276 204 160 384
1129 0 274 209 164 376
1130 0 275 213 164 368
1131 0 274 213 166 370
1132 0 236 212 242 370
1133 0 236 215 242 365
1134 0 235 214 245 368
1135 0 235 214 247 368
1136 0 235 214 245 368
1137 0 238 215 241 366
1138 0 236 215 244 367
1139 0 235 215 244 367
1140 0 239 215 238 366
1141 0 238 214 241 368
1142 0 236 214 242 367
1143 0 238 214 238 368
1144 0 234 214 244 367
1145 0 238 213 239 369
1146 0 239 214 238 367
1147 0 240 214 237 368
1148 0 238 214 240 367
1149 0 238 213 239 370
1150 0 239 213 237 369
1151 0 241 213 235 369
1152 0 238 213 238 368
1153 0 241 213 233 368
1154 0 239 214 238 367
1155 0 239 213 238 370
1156 0 240 214 236 368
1157 0 240 213 235 369
1158 0 236 213 241 370
1159 0 240 214 234 368
1160 0 240 213 234 369
1161 0 243 214 231 367
1162 0 242 213 231 369
1163 0 240 212 235 372
1164 0 239 213 237 370
1165 0 238 213 240 370
1166 0 241 213 236 370
1167 0 240 213 236 370
1168 0 239 214 238 368
