52 0 267 267 54 99
53 0 265 264 53 108
59 0 267 260 50 117
76 0 217 256 73 165
78 0 223 249 70 173
80 0 208 243 77 178
81 0 214 241 76 164
86 0 173 202 58 191
87 0 166 189 66 239
88 0 163 191 71 234
89 0 154 187 78 245
90 0 148 192 79 231
91 0 139 194 92 254
92 0 138 191 88 259
93 0 121 187 103 259
94 0 110 184 123 286
95 0 113 187 108 245
96 0 101 187 119 245
97 0 102 181 131 296
98 0 84 174 147 299
99 0 76 196 150 282
100 0 79 197 154 291
101 0 71 196 157 290
102 0 64 184 161 317
103 0 43 196 160 241
104 0 44 184 163 278
105 0 50 198 158 263
106 0 41 195 172 300
107 0 47 195 174 315
108 0 46 197 165 325
109 0 46 176 162 340
110 0 42 192 161 342
111 0 43 183 156 349
112 0 27 196 173 339
113 0 34 189 158 346
114 0 24 186 164 368
115 0 29 180 157 317
116 0 14 199 162 321
117 0 9 188 163 333
118 0 23 174 163 391
119 0 5 188 171 328
120 0 7 180 167 343
121 0 15 187 146 333
122 0 12 195 145 332
123 0 15 188 136 327
124 0 8 176 143 352
125 0 6 190 142 347
126 0 10 181 124 352
127 0 0 184 126 265
128 0 0 175 118 306
129 0 0 173 118 274
130 0 8 163 124 380
131 0 1 167 101 293
132 0 0 168 106 284
264 0 1 112 157 473
265 0 0 126 143 471
266 0 0 125 160 470
267 0 0 157 185 424
268 0 5 161 182 407
269 0 10 170 186 397
270 0 14 173 196 396
271 0 10 174 209 399
272 0 14 168 196 397
273 0 10 172 223 392
274 0 14 172 227 383
275 0 28 179 224 373
276 0 37 168 205 406
277 0 60 172 210 370
278 0 66 176 186 373
279 0 81 177 196 374
280 0 93 187 185 365
281 0 102 180 184 372
282 0 112 182 184 345
283 0 125 180 172 358
284 0 136 176 176 386
285 0 144 189 176 341
286 0 148 186 177 383
287 0 156 182 173 332
288 0 161 187 168 382
289 0 172 189 168 337
290 0 170 180 173 379
291 0 185 186 159 345
292 0 189 186 164 379
293 0 191 179 163 384
294 0 173 180 183 399
295 0 201 188 161 374
296 0 218 189 156 381
297 0 212 192 170 377
298 0 215 193 159 368
299 0 225 181 160 393
300 0 232 181 160 385
301 0 231 186 165 377
302 0 251 193 150 375
303 0 233 192 175 348
304 0 232 183 168 385
305 0 248 193 161 336
306 0 256 198 165 336
307 0 260 180 164 395
308 0 269 189 153 351
309 0 275 198 162 330
310 0 286 198 156 325
311 0 284 189 163 352
312 0 293 186 155 378
313 0 303 199 152 326
314 0 309 195 151 334
315 0 323 185 150 362
316 0 325 193 142 324
317 0 308 193 157 342
318 0 309 193 156 338
319 0 307 191 157 342
320 0 307 192 157 341
321 0 307 189 160 347
322 0 306 191 158 343
323 0 307 191 158 343
324 0 307 191 158 345
325 0 308 191 155 340
326 0 307 193 157 343
327 0 305 189 160 344
328 0 308 192 156 339
329 0 308 192 156 338
330 0 308 192 158 337
331 0 308 192 157 344
332 0 308 192 157 339
333 0 308 193 157 341
334 0 308 194 156 332
335 0 311 195 154 337
336 0 308 193 157 336
337 0 299 192 170 335
338 0 307 191 158 341
339 0 306 191 160 345
340 0 308 193 157 338
341 0 306 189 159 348
342 0 305 190 159 350
343 0 299 191 163 346
344 0 301 198 159 336
345 0 300 196 159 340
346 0 301 197 153 332
347 0 301 196 151 330
348 0 288 198 165 329
349 0 287 196 164 333
350 0 289 189 161 352
351 0 285 192 164 349
352 0 284 190 166 349
353 0 285 190 161 349
354 0 283 193 152 331
355 0 273 198 164 331
356 0 274 195 157 337
357 0 272 189 159 347
358 0 269 192 158 337
359 0 276 188 143 347
360 0 252 193 171 334
361 0 252 190 167 352
362 0 252 197 159 367
363 0 253 191 155 339
364 0 236 195 169 341
365 0 229 194 169 336
366 0 213 187 173 376
367 0 222 191 166 382
368 0 232 191 162 376
369 0 216 194 167 384
370 0 212 193 166 368
371 0 214 188 165 374
372 0 199 187 165 375
373 0 196 191 169 369
374 0 199 185 164 348
375 0 184 182 167 389
376 0 188 179 166 398
377 0 168 190 174 366
378 0 171 189 171 366
379 0 170 185 164 340
380 0 160 179 171 377
381 0 153 186 173 344
382 0 128 176 173 398
383 0 146 178 173 348
384 0 129 190 174 341
385 0 122 187 175 364
386 0 105 186 186 347
387 0 97 183 184 358
388 0 88 181 190 367
389 0 74 179 199 364
390 0 61 181 208 356
391 0 50 176 196 372
392 0 41 172 215 385
393 0 19 174 211 394
394 0 11 175 226 386
395 0 9 177 208 382
396 0 15 165 192 400
397 0 22 174 190 404
398 0 11 152 190 431
399 0 4 162 184 406
400 0 0 161 187 409
401 0 0 145 177 451
402 0 0 131 161 463
403 0 0 129 149 457
404 0 0 120 136 457
911 0 242 211 50 117
912 0 242 215 44 100
913 0 232 211 45 111
914 0 234 209 50 104
915 0 234 212 51 110
916 0 236 214 52 107
917 0 235 213 52 111
918 0 233 213 52 110
919 0 231 212 49 106
920 0 231 212 51 108
921 0 234 214 52 118
922 0 238 212 46 106
923 0 239 214 50 119
924 0 242 215 51 113
925 0 245 216 50 109
926 0 237 215 57 116
927 0 249 213 54 113
928 0 250 217 53 109
929 0 264 218 52 101
930 0 264 214 47 106
931 0 267 214 51 110
932 0 275 219 49 101
933 0 283 218 45 97
934 0 284 216 48 107
935 0 284 221 43 95
936 0 285 216 60 112
937 0 288 215 57 108
938 0 285 214 45 101
939 0 285 215 51 104
940 0 286 213 50 100
941 0 283 216 53 104
942 0 284 216 52 104
943 0 283 219 54 99
944 0 283 218 55 97
945 0 282 219 55 102
946 0 289 218 45 93
947 0 282 211 52 106
948 0 282 211 53 109
949 0 282 220 51 109
950 0 279 215 59 120
951 0 279 214 54 116
952 0 282 223 49 107
953 0 278 210 58 122
954 0 274 207 55 115
955 0 269 208 60 125
956 0 270 218 56 110
957 0 267 213 57 102
958 0 272 211 56 120
959 0 265 210 61 109
960 0 262 210 64 115
961 0 264 211 73 122
962 0 264 214 74 129
963 0 260 213 78 133
964 0 263 208 68 131
965 0 262 213 58 93
966 0 266 216 58 105
967 0 258 212 60 98
968 0 257 212 60 96
969 0 253 210 64 103
970 0 249 209 68 107
971 0 250 208 68 118
972 0 261 213 66 130
973 0 256 205 71 135
974 0 253 205 70 145
975 0 249 206 76 140
976 0 254 203 71 139
977 0 254 206 67 124
978 0 249 208 66 123
979 0 248 206 67 130
980 0 254 200 56 163
981 0 250 201 63 159
982 0 247 209 64 140
983 0 241 208 71 152
984 0 236 214 75 137
985 0 243 206 76 156
986 0 236 208 82 154
987 0 231 203 83 172
988 0 228 217 82 153
989 0 239 216 72 163
990 0 237 203 72 157
991 0 232 215 74 150
992 0 225 206 82 163
993 0 220 207 82 165
994 0 214 206 82 179
995 0 218 207 85 182
996 0 204 205 96 181
997 0 200 205 100 178
998 0 194 216 103 162
999 0 199 215 98 163
1000 0 196 214 100 177
1001 0 193 212 104 184
1002 0 189 212 108 189
1003 0 193 212 104 189
1004 0 188 220 129 168
1005 0 188 213 114 184
1006 0 186 218 111 176
1007 0 171 214 125 191
1008 0 189 214 91 188
1009 0 194 217 91 186
1010 0 190 217 97 182
1011 0 179 210 100 213
1012 0 174 220 102 198
1013 0 166 218 110 208
1014 0 176 210 112 208
1015 0 175 213 109 197
1016 0 170 214 116 196
1017 0 166 213 124 224
1018 0 155 223 130 216
1019 0 160 221 110 208
1020 0 153 205 133 244
1021 0 159 204 114 239
1022 0 153 202 130 247
1023 0 151 219 128 235
1024 0 139 200 133 261
1025 0 139 201 129 245
1026 0 137 206 127 256
1027 0 129 201 133 269
1028 0 122 205 135 270
1029 0 130 209 141 266
1030 0 128 211 129 271
1031 0 126 206 128 269
1032 0 127 213 135 274
1033 0 128 206 134 267
1034 0 126 204 134 284
1035 0 119 200 135 288
1036 0 119 201 142 286
1037 0 120 199 141 290
1038 0 129 206 133 282
1039 0 133 203 140 292
1040 0 135 207 146 287
1041 0 134 213 141 276
1042 0 140 204 138 291
1043 0 147 205 140 278
1044 0 146 205 147 293
1045 0 140 212 155 310
1046 0 160 207 155 302
1047 0 166 208 155 298
1048 0 172 212 153 294
1049 0 177 204 148 300
1050 0 174 216 150 311
1051 0 186 205 160 295
1052 0 189 202 160 332
1053 0 198 207 159 313
1054 0 214 205 145 300
1055 0 207 212 163 310
1056 0 217 203 162 318
1057 0 228 199 161 337
1058 0 220 214 160 317
1059 0 230 209 158 324
1060 0 246 215 175 320
1061 0 249 206 156 335
1062 0 251 211 160 321
1063 0 259 204 165 355
1064 0 264 202 165 335
1065 0 266 211 163 336
1066 0 279 200 157 347
1067 0 272 203 166 332
1068 0 285 213 170 323
1069 0 281 198 157 346
1070 0 268 201 174 367
1071 0 268 204 179 340
1072 0 270 206 176 340
1073 0 265 201 186 349
1074 0 271 205 178 345
1075 0 269 194 183 383
1076 0 270 203 182 361
1077 0 255 193 190 388
1078 0 266 207 186 334
1079 0 263 192 180 387
1080 0 254 200 190 357
1081 0 263 200 180 360
1082 0 256 202 189 363
1083 0 261 196 181 371
1084 0 269 205 180 382
1085 0 253 193 182 404
1086 0 261 197 181 376
1087 0 273 185 178 414
1088 0 253 200 197 374
1089 0 250 183 190 416
1090 0 279 202 183 386
1091 0 271 188 180 394
1092 0 240 202 209 382
1093 0 252 201 195 391
1094 0 266 194 189 392
1095 0 266 193 184 390
1096 0 252 194 195 403
1097 0 252 197 194 400
1098 0 253 198 193 401
1099 0 252 201 195 396
1100 0 251 200 197 398
1101 0 255 196 194 399
1102 0 251 199 196 398
1103 0 253 198 194 399
1104 0 254 199 193 396
1105 0 254 198 193 400
1106 0 255 195 191 404
1107 0 256 196 191 403
1108 0 253 196 194 402
1109 0 256 198 191 398
1110 0 255 196 192 401
1111 0 255 198 192 397
1112 0 254 199 192 394
1113 0 254 199 193 395
1114 0 252 196 198 403
1115 0 254 200 193 395
1116 0 252 199 196 397
1117 0 259 196 186 394
1118 0 253 195 196 387
1119 0 254 193 196 386
1120 0 262 192 195 391
1121 0 267 199 200 386
1122 0 270 191 191 383
1123 0 267 193 194 394
1124 0 266 193 190 390
1125 0 265 194 192 388
1126 0 243 197 211 402
1127 0 264 186 189 406
1128 0 259 188 196 403
1129 0 241 181 229 417
1130 0 235 182 240 411
1131 0 245 197 222 400
1132 0 244 192 222 392
1133 0 256 194 220 402
1134 0 223 165 255 434
1135 0 224 170 248 429
1136 0 224 166 256 433
1137 0 224 174 254 425
1138 0 250 188 209 405
1139 0 235 192 252 400
1140 0 249 189 211 400
1141 0 261 190 214 408
1142 0 261 190 214 408
1143 0 232 189 259 402
1144 0 231 192 257 398
1145 0 244 199 243 400
1146 0 220 183 268 415
1147 0 242 190 225 406
1148 0 244 189 215 405
1149 0 221 186 270 398
1150 0 232 195 250 396
1151 0 232 197 251 392
1152 0 234 202 247 386
1153 0 236 200 245 385
1154 0 242 199 249 400
1155 0 242 190 235 409
1156 0 222 185 261 411
1157 0 226 187 254 411
1158 0 225 180 250 419
1159 0 227 188 250 411
1160 0 224 178 256 421
1161 0 222 190 258 409
1162 0 224 189 257 407
1163 0 261 193 200 399
1164 0 227 185 249 411
1165 0 237 196 244 403
1166 0 242 197 249 402
1167 0 242 195 231 404
1168 0 237 204 238 385
