101 0 180 215 59 57
102 0 178 212 60 60
103 0 178 214 60 57
105 0 181 212 62 65
106 0 181 205 65 67
107 0 185 207 56 64
108 0 175 217 75 66
109 0 182 212 58 65
110 0 182 215 57 64
111 0 170 212 79 78
112 0 147 210 108 81
113 0 159 204 102 86
114 0 175 217 80 73
115 0 178 216 77 73
116 0 175 216 79 75
117 0 180 214 79 74
118 0 178 214 83 74
119 0 185 215 75 78
120 0 174 217 87 85
121 0 176 215 84 76
122 0 175 216 86 77
123 0 172 216 78 79
124 0 182 215 77 81
125 0 183 217 62 79
126 0 169 217 79 89
127 0 165 217 91 94
128 0 159 216 93 95
129 0 163 215 82 88
130 0 165 214 79 88
131 0 155 205 85 94
132 0 164 217 72 82
133 0 153 217 78 81
134 0 150 209 91 104
135 0 149 214 77 86
136 0 151 215 79 88
137 0 143 208 88 88
138 0 131 207 96 98
139 0 133 211 94 94
140 0 128 208 98 90
141 0 126 215 79 84
142 0 124 210 96 107
143 0 124 212 88 134
144 0 111 205 104 107
145 0 112 211 95 136
146 0 107 209 94 129
147 0 96 211 98 115
148 0 96 206 89 113
149 0 70 201 123 126
150 0 74 208 102 122
151 0 55 212 126 126
152 0 48 207 125 130
153 0 46 212 113 144
154 0 38 206 105 136
155 0 30 205 108 122
158 0 9 201 114 140
201 0 259 208 123 141
203 0 258 209 130 139
204 0 256 208 133 146
205 0 258 209 127 141
206 0 266 207 121 151
208 0 298 219 82 118
209 0 191 231 187 199
210 0 196 221 189 206
211 0 220 211 158 225
212 0 291 209 94 140
212 1 215 225 162 227
213 0 267 210 122 129
214 0 212 224 169 180
215 0 217 226 153 175
216 0 244 211 136 195
217 0 276 204 125 150
218 0 251 221 139 163
219 0 256 220 139 183
221 0 241 226 159 164
222 0 264 216 132 172
223 0 241 219 153 175
224 0 260 219 145 169
225 0 258 221 139 180
226 0 272 216 128 162
227 0 253 221 151 185
228 0 274 218 126 173
229 0 279 222 124 157
230 0 283 223 129 182
231 0 282 218 131 186
232 0 287 215 132 199
233 0 298 210 120 176
234 0 289 221 133 164
235 0 300 220 133 163
236 0 300 223 136 171
237 0 301 213 142 168
238 0 311 214 117 167
239 0 318 225 130 172
240 0 302 222 146 158
241 0 312 222 143 170
242 0 317 221 137 164
243 0 328 204 131 232
244 0 329 203 128 237
245 0 328 201 129 238
246 0 311 222 142 171
247 0 324 207 120 184
248 0 318 223 134 167
249 0 309 224 145 174
250 0 311 226 138 166
251 0 307 221 146 167
252 0 311 223 141 170
253 0 326 204 136 227
254 0 310 223 140 164
255 0 309 223 140 162
256 0 312 221 142 166
257 0 310 226 144 175
258 0 333 212 119 198
259 0 322 208 144 239
260 0 324 218 121 185
261 0 336 206 131 235
262 0 334 199 126 248
263 0 330 215 123 180
264 0 331 220 124 171
265 0 336 205 127 245
266 0 329 207 132 211
267 0 337 209 133 217
268 0 339 223 139 189
269 0 344 210 136 218
270 0 345 223 126 180
272 0 356 195 124 249
273 0 351 211 135 208
274 0 358 209 135 199
275 0 356 224 141 191
276 0 372 203 144 279
277 0 368 201 140 247
278 0 391 208 125 151
279 0 394 202 144 268
280 0 396 208 160 272
283 0 424 213 129 146
284 0 417 212 134 170
285 0 418 207 155 212
286 0 434 221 133 152
287 0 432 215 160 193
288 0 446 218 148 160
289 0 459 223 144 152
290 0 468 208 159 183
291 0 481 210 147 168
292 0 503 212 141 160
293 0 505 217 132 153
294 0 530 219 133 145
295 0 538 217 133 158
296 0 553 214 132 157
297 0 541 205 160 176
298 0 555 224 152 161
299 0 547 222 161 160
300 0 550 220 135 166
301 0 557 208 140 170
302 0 549 220 168 169
303 0 562 223 149 154
304 0 564 222 145 171
305 0 566 210 151 174
306 0 574 224 138 167
307 0 567 223 180 155
308 0 584 220 164 155
310 0 497 207 257 259
414 0 89 206 50 52
415 0 78 207 54 73
416 0 74 215 53 71
457 0 496 215 171 270
458 0 477 225 179 270
459 0 483 220 146 268
460 0 460 215 153 268
461 0 437 220 183 281
462 0 435 225 161 272
463 0 417 215 167 270
464 0 415 209 147 282
465 0 392 217 164 293
466 0 375 230 186 277
467 0 367 232 158 273
468 0 365 223 154 277
469 0 356 233 146 263
470 0 345 200 172 289
471 0 356 210 128 272
472 0 341 215 128 290
473 0 355 214 109 258
474 0 346 219 115 286
475 0 355 205 111 295
476 0 333 213 136 302
477 0 336 207 133 321
478 0 339 210 122 322
479 0 339 219 125 325
480 0 356 219 112 258
481 0 344 209 122 294
482 0 351 219 112 252
483 0 351 208 115 266
484 0 343 215 127 286
485 0 345 219 113 269
486 0 355 218 107 224
487 0 357 209 104 251
488 0 347 225 105 265
489 0 351 210 105 240
490 0 350 212 105 236
491 0 353 215 107 246
492 0 347 214 126 237
493 0 346 212 125 238
494 0 346 211 126 241
495 0 349 217 108 238
496 0 361 213 101 228
497 0 345 216 105 250
498 0 357 218 100 208
499 0 362 219 94 208
500 0 364 220 94 204
501 0 367 221 99 230
502 0 363 210 113 231
503 0 368 199 98 265
504 0 366 208 101 236
505 0 375 205 102 236
506 0 370 225 106 219
507 0 377 213 102 225
508 0 372 222 102 232
509 0 376 219 99 234
510 0 383 216 100 245
511 0 387 221 93 215
512 0 386 217 97 223
513 0 380 199 94 244
514 0 387 219 93 215
515 0 393 224 93 210
516 0 382 199 90 251
517 0 385 221 99 223
518 0 386 220 99 224
519 0 390 207 90 252
520 0 393 218 90 218
521 0 381 195 92 256
522 0 380 220 97 220
523 0 389 223 91 231
524 0 388 223 92 235
525 0 385 220 99 225
526 0 387 217 95 214
527 0 386 217 95 221
528 0 386 222 99 224
529 0 391 214 96 224
530 0 386 219 94 211
531 0 379 222 98 216
532 0 386 216 94 222
533 0 385 222 100 223
534 0 391 214 96 222
535 0 391 215 97 225
536 0 384 221 102 223
536 1 47 30 356 569
537 0 383 219 98 214
537 1 0 30 484 566
538 0 388 216 98 226
538 1 33 32 401 567
539 0 384 200 92 247
539 1 43 17 395 582
540 0 62 0 389 590
540 1 396 212 93 253
541 0 102 0 371 580
541 1 388 212 98 235
542 0 147 0 326 597
542 1 382 190 108 274
543 0 175 0 285 597
543 1 391 215 98 226
544 0 214 0 225 585
544 1 380 224 100 205
545 0 197 11 263 576
545 1 389 219 96 240
546 0 201 33 232 566
546 1 401 221 84 221
547 0 175 53 273 546
547 1 390 193 84 303
548 0 394 216 93 222
548 1 109 66 370 530
549 0 200 119 231 467
549 1 376 213 122 214
550 0 379 212 122 215
550 1 188 151 247 433
551 0 190 201 234 305
551 1 385 218 99 213
552 0 178 215 220 362
552 1 387 216 98 213
553 0 169 220 236 348
553 1 386 218 97 210
554 0 174 232 217 303
554 1 386 218 99 216
555 0 184 245 206 289
555 1 390 217 98 211
556 0 381 224 96 224
556 1 160 222 212 344
557 0 154 208 205 365
557 1 391 216 97 212
558 0 161 206 195 377
558 1 381 224 96 213
559 0 133 213 259 363
559 1 389 213 99 225
560 0 112 203 277 386
560 1 384 216 99 216
561 0 380 224 95 216
561 1 118 229 270 337
562 0 385 216 97 213
562 1 100 228 241 286
563 0 385 215 97 219
563 1 83 241 264 313
563 2 247 209 153 390
564 0 389 213 97 226
564 1 90 222 233 317
564 2 223 241 175 332
565 0 391 213 95 228
565 1 84 211 249 314
566 0 389 210 98 232
566 1 110 221 260 347
567 0 389 212 99 229
567 1 124 232 232 329
568 0 389 210 98 234
568 1 119 232 248 334
569 0 389 213 97 222
569 1 108 220 280 344
570 0 389 211 97 233
570 1 109 227 281 331
571 0 390 212 95 226
571 1 124 225 248 340
572 0 391 212 94 231
572 1 123 230 249 329
573 0 390 211 97 232
573 1 123 221 247 344
574 0 391 212 95 229
574 1 119 219 260 349
575 0 390 212 95 226
575 1 114 218 249 356
576 0 391 212 95 222
576 1 99 212 287 350
577 0 384 212 109 232
577 1 108 214 245 331
578 0 392 211 89 222
578 1 136 221 224 341
579 0 393 216 89 211
579 1 117 218 269 351
580 0 393 216 89 202
580 1 143 224 217 342
581 0 393 216 89 196
581 1 150 224 213 337
582 0 393 215 86 197
582 1 154 225 215 343
583 0 391 214 90 199
583 1 145 223 223 335
584 0 391 216 91 198
584 1 144 225 226 321
585 0 391 219 90 189
585 1 150 220 220 329
586 0 393 219 87 191
586 1 145 226 232 312
587 0 393 215 88 199
587 1 142 220 241 321
588 0 393 214 87 220
588 1 147 218 238 337
589 0 389 222 98 196
589 1 143 230 219 300
590 0 382 210 119 218
590 1 167 212 212 348
591 0 394 213 92 195
591 1 143 229 264 311
592 0 400 221 78 195
592 1 152 213 274 324
593 0 403 219 75 188
593 1 172 227 231 307
594 0 410 212 82 198
594 1 173 229 249 300
595 0 410 210 85 206
595 1 181 221 242 320
596 0 405 217 92 197
596 1 188 230 221 313
597 0 405 215 90 201
597 1 189 224 220 319
598 0 407 219 89 189
598 1 194 223 215 314
599 0 189 226 199 313
599 1 396 207 106 218
600 0 185 215 225 320
600 1 397 217 88 198
601 0 185 212 207 328
601 1 396 215 90 210
602 0 396 217 89 200
602 1 194 225 216 294
603 0 191 218 214 305
603 1 404 219 83 197
604 0 394 216 90 201
604 1 192 221 225 301
605 0 394 216 92 197
605 1 201 226 203 294
606 0 205 227 199 310
606 1 393 213 94 203
607 0 393 213 95 205
607 1 211 231 199 283
608 0 394 211 93 213
608 1 197 229 218 291
609 0 197 222 219 292
609 1 403 214 87 219
610 0 212 229 199 296
610 1 401 217 88 200
611 0 210 217 197 314
611 1 403 213 90 213
612 0 394 214 88 203
612 1 206 218 195 317
613 0 408 221 80 187
613 1 211 222 192 285
614 0 400 221 89 187
614 1 213 229 189 281
615 0 210 227 208 292
615 1 399 220 89 188
616 0 401 223 87 180
616 1 226 222 180 281
617 0 399 223 90 181
617 1 234 219 174 272
618 0 398 219 84 237
618 1 235 214 167 272
619 0 399 216 76 239
619 1 234 214 169 259
620 0 404 214 80 233
620 1 236 214 162 267
621 0 399 220 88 192
621 1 236 228 138 237
622 0 399 221 87 197
622 1 222 220 173 277
623 0 398 221 88 204
623 1 235 221 170 265
624 0 407 217 77 179
624 1 228 222 164 206
625 0 399 221 88 191
625 1 226 218 168 205
626 0 400 218 87 196
626 1 232 219 161 239
627 0 399 223 88 186
627 1 238 228 165 296
628 0 398 222 90 196
628 1 247 211 153 270
629 0 399 222 87 189
629 1 246 211 153 271
630 0 399 220 89 189
630 1 224 216 170 212
631 0 400 222 86 188
631 1 230 219 175 272
632 0 399 219 89 194
632 1 240 230 165 293
633 0 398 220 89 198
633 1 239 226 166 296
634 0 399 224 88 186
634 1 235 223 171 270
635 0 399 223 88 185
635 1 234 218 159 243
636 0 399 221 89 192
636 1 249 212 153 264
637 0 399 221 89 194
637 1 241 224 161 260
638 0 401 222 83 193
638 1 243 224 159 258
639 0 399 222 88 188
639 1 233 220 170 273
640 0 399 218 80 227
640 1 248 227 142 204
641 0 400 219 80 230
641 1 240 230 165 290
642 0 396 220 93 203
642 1 241 225 164 259
643 0 399 219 81 218
643 1 247 229 143 200
644 0 399 221 88 191
644 1 232 221 170 272
645 0 400 224 86 192
645 1 233 223 171 268
646 0 400 220 87 191
646 1 241 224 162 259
647 0 398 223 88 190
647 1 233 220 170 273
648 0 401 222 85 190
648 1 233 221 172 268
649 0 408 218 73 174
649 1 241 223 163 260
650 0 407 206 80 209
650 1 241 223 165 259
651 0 407 206 82 208
651 1 242 224 160 258
652 0 400 222 86 194
652 1 233 220 170 275
653 0 406 206 81 211
653 1 242 222 162 263
654 0 399 224 87 188
654 1 241 221 162 264
655 0 400 224 87 182
655 1 233 221 170 270
656 0 407 205 82 212
656 1 230 218 173 272
657 0 407 217 77 175
657 1 240 224 164 261
658 0 399 223 87 188
658 1 241 222 161 265
659 0 401 224 85 185
659 1 233 220 172 269
660 0 397 223 88 187
660 1 234 222 169 268
661 0 400 222 86 190
661 1 234 221 169 266
662 0 399 223 87 184
662 1 241 223 163 263
663 0 399 223 86 190
663 1 235 223 165 265
