136 0 389 218 42 68
137 0 378 221 53 68
139 0 378 216 45 67
140 0 381 221 43 72
141 0 383 217 45 68
142 0 387 219 42 68
144 0 379 221 46 75
145 0 383 218 54 79
146 0 378 219 44 79
147 0 377 221 50 79
148 0 381 220 46 81
149 0 381 220 46 84
150 0 390 225 48 84
151 0 378 221 48 91
152 0 390 230 55 69
153 0 397 227 42 94
154 0 398 226 43 84
155 0 394 228 50 84
156 0 393 229 53 92
157 0 395 226 47 104
158 0 393 224 55 109
159 0 398 219 51 122
160 0 397 221 54 141
161 0 399 224 57 148
162 0 404 228 54 131
163 0 411 221 46 153
164 0 410 224 48 157
165 0 410 220 54 165
166 0 410 225 60 150
167 0 416 226 51 144
168 0 415 229 55 141
169 0 408 223 61 145
170 0 413 226 60 158
171 0 418 226 54 140
172 0 407 229 64 163
173 0 403 227 71 163
174 0 404 230 56 156
175 0 404 224 62 170
176 0 394 217 67 181
177 0 404 227 62 158
178 0 394 229 65 162
179 0 396 224 57 162
180 0 380 218 73 197
181 0 384 225 68 171
182 0 382 225 61 172
183 0 373 225 67 173
184 0 373 224 78 185
185 0 369 216 81 212
186 0 367 216 79 198
187 0 366 225 76 203
188 0 356 217 85 210
189 0 348 228 91 214
190 0 345 221 91 206
191 0 343 221 88 211
192 0 345 213 86 229
193 0 341 213 84 233
194 0 333 230 96 210
195 0 329 230 94 227
196 0 341 216 84 241
197 0 328 227 96 229
198 0 326 226 96 226
199 0 333 231 97 222
200 0 334 229 95 223
201 0 334 231 98 222
202 0 326 230 96 222
203 0 327 230 95 223
204 0 327 227 97 226
205 0 341 213 84 258
206 0 331 232 88 229
207 0 328 231 95 209
208 0 337 211 89 266
209 0 324 231 100 223
210 0 325 230 100 223
211 0 325 230 101 235
212 0 326 228 99 238
213 0 326 229 98 232
214 0 333 218 90 265
215 0 330 218 99 272
216 0 321 218 96 266
217 0 327 218 103 266
218 0 319 226 98 254
219 0 327 218 97 266
220 0 318 220 98 272
221 0 327 209 103 288
222 0 331 223 101 263
223 0 330 223 95 260
224 0 322 220 96 267
225 0 329 216 102 273
226 0 331 225 89 276
227 0 330 218 102 272
228 0 331 227 89 282
229 0 327 218 97 271
230 0 328 220 96 266
231 0 332 227 88 276
232 0 328 218 97 270
233 0 325 218 98 265
234 0 327 219 96 265
235 0 333 226 88 281
236 0 320 218 98 265
237 0 333 227 87 275
238 0 331 221 101 265
239 0 327 219 97 266
240 0 327 220 96 265
241 0 332 227 88 277
242 0 329 221 95 262
243 0 329 226 92 275
244 0 331 220 101 260
245 0 330 218 103 263
246 0 333 218 99 268
247 0 329 224 103 244
248 0 324 229 95 233
249 0 332 211 94 253
250 0 329 205 97 256
251 0 327 214 98 223
252 0 327 216 100 223
253 0 335 221 77 210
254 0 336 218 78 216
255 0 325 208 95 243
256 0 326 211 97 242
257 0 325 214 98 245
258 0 324 215 107 240
259 0 325 208 107 250
260 0 334 202 94 268
261 0 322 190 105 275
262 0 318 189 119 274
263 0 317 166 123 298
264 0 318 152 110 327
265 0 308 129 124 331
266 0 325 108 110 358
267 0 306 83 127 386
268 0 323 73 121 404
269 0 310 75 138 404
270 0 312 65 142 418
271 0 319 63 136 430
272 0 321 70 141 413
273 0 318 76 138 404
274 0 324 73 140 407
275 0 335 65 125 433
276 0 339 64 124 423
277 0 354 63 113 414
278 0 379 74 99 387
279 0 393 80 104 429
280 0 392 66 124 439
281 0 390 77 127 404
282 0 393 80 128 379
283 0 392 67 159 401
284 0 424 87 169 360
285 0 461 72 141 388
286 0 469 66 153 363
287 0 481 46 151 383
288 0 496 64 144 361
289 0 514 57 146 368
290 0 525 50 151 405
291 0 546 44 154 411
292 0 556 53 158 417
293 0 554 45 168 410
294 0 578 34 182 415
295 0 573 43 193 421
296 0 604 35 166 413
297 0 626 33 158 371
298 0 645 17 151 428
299 0 656 19 137 448
300 0 671 1 123 471
301 0 677 29 115 466
399 0 681 38 107 455
400 0 657 28 135 480
401 0 653 42 133 427
402 0 640 59 148 419
403 0 614 72 164 413
404 0 604 54 183 431
405 0 601 85 180 388
406 0 579 66 182 384
407 0 572 62 175 369
408 0 550 60 167 397
409 0 552 63 174 377
410 0 531 42 187 390
411 0 519 50 187 394
412 0 505 51 193 387
413 0 512 63 178 371
414 0 495 72 178 349
415 0 482 72 172 376
416 0 470 82 179 349
417 0 470 106 168 319
418 0 468 113 163 321
419 0 481 136 143 310
420 0 474 153 149 276
421 0 475 175 130 253
422 0 459 189 166 256
423 0 453 206 147 227
424 0 459 218 143 210
425 0 454 216 141 211
426 0 462 211 120 219
427 0 451 201 129 239
428 0 455 203 127 237
429 0 442 210 157 229
430 0 457 217 125 207
431 0 441 219 152 219
432 0 452 215 128 205
433 0 449 218 130 220
434 0 448 220 136 193
435 0 448 220 132 196
436 0 439 223 152 203
437 0 432 226 168 204
438 0 439 218 166 192
439 0 440 228 157 197
440 0 437 230 177 189
441 0 446 228 171 192
442 0 439 225 165 201
443 0 440 226 161 197
444 0 439 228 162 198
445 0 440 227 162 200
446 0 439 231 177 188
447 0 436 229 182 200
448 0 437 227 180 200
449 0 436 229 180 200
450 0 444 216 167 197
451 0 443 211 165 229
452 0 437 228 183 198
453 0 440 226 164 202
454 0 436 227 181 202
455 0 443 219 170 195
456 0 436 227 181 201
457 0 443 216 167 225
458 0 437 228 181 200
459 0 438 231 180 187
460 0 435 228 186 201
461 0 439 232 182 186
462 0 433 227 187 200
463 0 435 227 183 202
464 0 435 228 183 200
465 0 434 228 183 201
466 0 435 231 173 198
467 0 438 231 180 187
468 0 438 230 181 187
469 0 439 231 178 186
470 0 435 227 187 200
471 0 452 229 156 190
472 0 437 227 181 200
473 0 442 228 173 199
474 0 446 222 162 201
475 0 438 223 160 197
476 0 431 224 202 210
477 0 446 219 143 218
478 0 447 216 139 218
479 0 445 207 149 227
480 0 448 205 149 239
481 0 464 216 129 224
482 0 452 227 148 213
483 0 449 207 138 233
484 0 449 208 135 227
485 0 452 220 155 201
486 0 450 224 151 204
487 0 446 214 165 218
488 0 456 231 150 194
489 0 447 217 156 205
490 0 449 208 153 211
491 0 445 209 148 205
492 0 451 206 154 209
493 0 443 174 154 245
494 0 460 156 155 254
495 0 464 145 149 268
496 0 448 116 159 294
497 0 463 112 144 313
498 0 453 78 141 361
499 0 446 87 161 354
500 0 446 76 159 373
501 0 430 74 167 357
502 0 429 75 159 364
503 0 407 80 170 353
504 0 413 88 159 333
505 0 410 83 143 346
506 0 394 88 144 345
507 0 387 93 142 371
508 0 379 64 121 397
509 0 362 94 145 349
510 0 365 69 114 354
511 0 331 76 148 364
512 0 327 68 144 375
513 0 326 88 137 369
514 0 315 60 141 436
515 0 299 74 145 421
516 0 303 65 130 485
517 0 313 59 123 503
518 0 303 43 123 486
519 0 288 39 127 478
520 0 290 40 130 491
521 0 281 36 135 490
522 0 261 10 139 588
523 0 238 17 177 540
524 0 237 11 169 535
525 0 225 0 166 584
526 0 205 0 180 599
527 0 179 0 204 599
528 0 150 0 226 599
529 0 115 0 251 599
530 0 115 0 259 578
531 0 114 0 252 597
532 0 103 0 263 596
533 0 100 0 255 584
534 0 92 0 267 596
535 0 87 0 273 596
536 0 88 0 279 592
537 0 92 0 271 596
538 0 114 0 251 599
539 0 132 0 226 598
540 0 126 0 245 591
541 0 141 0 220 599
542 0 126 0 260 597
543 0 142 0 234 585
544 0 137 0 248 583
545 0 140 0 245 584
546 0 159 0 223 592
547 0 164 6 228 582
548 0 152 0 244 578
549 0 162 0 224 589
550 0 159 0 228 599
551 0 178 0 217 599
552 0 179 10 224 580
553 0 184 0 222 598
554 0 196 0 213 599
555 0 210 0 204 599
556 0 215 0 207 599
557 0 216 0 219 599
558 0 223 0 230 599
559 0 224 0 223 593
560 0 229 0 241 579
561 0 245 0 247 591
562 0 271 0 199 597
563 0 268 0 214 585
564 0 288 0 216 583
565 0 303 0 203 579
566 0 312 0 201 585
567 0 306 1 228 515
568 0 306 2 215 597
569 0 303 17 226 559
570 0 291 14 247 548
571 0 307 26 230 572
572 0 302 38 235 534
573 0 306 31 233 568
574 0 316 64 217 521
575 0 275 62 271 537
576 0 285 33 240 556
577 0 304 57 232 542
578 0 304 37 239 562
579 0 300 37 246 562
580 0 309 62 216 526
581 0 295 46 257 553
582 0 304 65 220 516
583 0 298 58 244 524
584 0 288 40 259 559
