155 0 386 324 45 109 6.811510
156 0 544 118 41 100 1.454295
157 0 534 359 45 109 9.214809
158 0 539 367 45 109 14.027973
159 0 568 114 41 100 9.078027
159 1 395 340 49 119 3.054531
159 2 552 374 49 119 4.944477
160 0 576 102 49 119 6.387213
160 1 562 380 53 129 6.420918
161 0 590 93 49 119 6.058604
162 0 599 93 49 119 5.617138
168 0 748 102 41 100 12.545732
223 0 669 111 45 109 -0.414040
224 0 640 59 58 142 1.913750
225 0 635 54 58 142 1.980693
226 0 618 79 49 119 2.317724
227 0 609 83 49 119 0.876459
229 0 593 70 53 129 5.552839
234 0 358 260 137 333 3.798660
271 0 343 197 161 393 6.652164
364 0 495 84 63 155 11.167772
366 0 456 300 98 238 12.807611
366 1 380 116 126 307 7.916549
367 0 368 141 126 307 17.370913
415 0 604 98 45 109 8.123280
418 0 608 98 45 109 4.058962
420 0 613 98 45 109 2.922997
424 0 613 102 45 109 6.686394
433 0 596 114 41 100 7.351766
434 0 596 110 41 100 15.391245
435 0 596 110 41 100 19.848822
436 0 588 118 41 100 7.514627
437 0 588 118 41 100 6.908037
438 0 584 118 41 100 7.528274
439 0 584 114 41 100 10.697599
440 0 580 114 41 100 5.845612
442 0 564 122 41 100 1.445832
477 0 294 148 98 238 8.751899
479 0 269 119 116 282 41.253956
480 0 269 119 116 282 28.513969
481 0 269 116 126 307 33.766804
482 0 265 113 137 333 32.392746
483 0 265 100 137 333 35.528782
484 0 265 87 161 393 23.636515
485 0 264 72 211 515 20.005695
486 0 289 95 149 365 25.711651
487 0 306 153 126 307 22.401203
489 0 264 72 211 515 13.446459
490 0 285 72 211 515 9.298265
