109 0 282 217 41 87
121 0 321 223 40 76
122 0 323 221 39 79
128 0 341 220 45 86
130 0 352 223 42 84
132 0 362 222 40 81
133 0 364 218 40 89
134 0 368 216 41 94
135 0 375 212 47 103
136 0 378 209 47 103
137 0 377 208 47 110
138 0 374 211 46 104
139 0 371 212 47 103
140 0 371 211 46 106
141 0 372 212 47 104
142 0 372 212 49 108
143 0 372 211 50 110
144 0 372 212 52 107
145 0 373 215 56 104
146 0 375 216 53 99
147 0 382 215 49 102
148 0 382 220 50 96
149 0 385 220 52 103
150 0 386 223 52 102
151 0 386 223 53 99
152 0 390 219 50 107
153 0 392 219 50 106
154 0 393 219 51 106
155 0 391 222 55 103
156 0 390 222 58 102
157 0 398 217 49 105
158 0 400 218 47 103
159 0 400 219 48 101
160 0 400 218 51 106
161 0 401 217 52 107
162 0 404 217 51 108
163 0 405 216 54 115
164 0 406 215 53 115
165 0 401 228 58 128
166 0 401 226 61 131
167 0 404 227 64 128
168 0 415 221 58 111
169 0 416 221 58 113
170 0 410 233 62 123
171 0 410 233 62 124
172 0 410 229 63 129
173 0 411 230 63 126
174 0 406 225 70 148
175 0 399 228 76 149
176 0 402 227 69 153
177 0 399 228 70 153
178 0 400 224 64 161
179 0 398 222 66 162
180 0 397 220 61 166
181 0 377 226 78 153
182 0 376 226 76 157
183 0 376 224 73 164
184 0 377 224 73 166
185 0 371 224 78 167
186 0 367 222 75 179
187 0 361 229 85 194
188 0 360 228 83 193
189 0 360 226 76 197
190 0 356 223 76 207
191 0 350 220 79 212
192 0 350 223 74 211
193 0 348 222 78 212
194 0 327 233 92 196
195 0 325 238 97 189
196 0 349 225 73 212
197 0 325 238 97 190
198 0 347 221 74 219
199 0 325 238 96 188
200 0 326 237 94 192
201 0 325 238 97 189
202 0 348 225 74 213
203 0 349 222 72 216
204 0 348 224 73 214
205 0 324 238 97 190
206 0 331 236 87 194
207 0 328 236 91 194
208 0 328 236 88 196
209 0 322 237 99 200
210 0 325 235 96 201
211 0 321 231 101 213
212 0 324 237 99 234
213 0 327 240 95 228
214 0 325 233 97 241
215 0 324 234 99 236
216 0 322 230 103 246
217 0 326 230 97 250
218 0 327 227 95 261
219 0 323 231 100 248
220 0 323 232 100 249
221 0 320 231 104 251
222 0 322 237 103 238
223 0 322 231 102 247
224 0 323 234 101 244
225 0 321 230 103 251
226 0 321 234 104 244
227 0 321 231 103 250
228 0 320 233 105 245
229 0 321 232 103 246
230 0 322 232 102 247
231 0 322 231 103 251
232 0 321 231 104 248
233 0 321 232 103 247
234 0 321 232 104 246
235 0 322 230 103 251
236 0 320 231 105 248
237 0 320 230 106 250
238 0 320 231 105 247
239 0 321 231 104 249
240 0 321 232 104 246
241 0 322 235 101 241
242 0 322 232 102 245
243 0 322 230 102 250
244 0 321 230 103 250
245 0 321 228 103 252
246 0 319 229 104 249
247 0 325 225 95 220
248 0 323 227 97 213
249 0 325 225 93 216
250 0 326 228 93 207
251 0 328 226 90 209
252 0 328 225 91 207
253 0 330 226 88 208
254 0 329 223 90 211
255 0 344 217 77 223
256 0 330 216 89 231
257 0 345 211 73 237
258 0 335 220 82 225
259 0 333 218 83 236
260 0 342 211 79 249
261 0 338 206 86 254
262 0 326 201 96 261
263 0 322 177 103 299
264 0 335 149 93 301
265 0 322 121 105 356
266 0 320 105 108 337
267 0 316 96 112 355
268 0 320 76 124 389
269 0 321 67 139 396
270 0 324 53 143 433
271 0 322 53 145 436
272 0 312 50 145 446
273 0 315 56 137 438
274 0 330 54 117 431
275 0 344 59 109 423
276 0 358 65 98 414
277 0 361 65 111 409
278 0 381 84 96 327
279 0 394 60 92 414
280 0 394 72 119 402
281 0 411 64 112 406
282 0 417 48 114 431
283 0 424 79 128 370
284 0 428 66 134 390
285 0 459 61 122 394
286 0 474 60 112 376
287 0 495 62 140 360
288 0 511 38 125 414
289 0 525 40 118 413
290 0 536 53 139 376
291 0 544 43 153 402
292 0 554 44 192 402
293 0 558 49 200 395
294 0 562 57 204 378
295 0 605 53 157 377
296 0 622 61 140 357
298 0 656 41 143 457
299 0 668 45 130 446
300 0 677 28 122 485
301 0 688 0 111 556
397 0 700 32 99 410
399 0 685 0 114 544
400 0 669 49 129 385
401 0 665 67 134 467
402 0 612 18 178 563
403 0 601 48 191 502
404 0 595 59 189 480
405 0 592 74 183 460
406 0 582 57 198 487
407 0 550 74 203 370
408 0 554 71 188 371
409 0 549 68 184 380
410 0 536 61 182 373
411 0 532 60 179 374
412 0 524 62 175 366
413 0 516 65 179 359
414 0 509 72 187 347
415 0 487 76 193 341
416 0 490 87 158 354
417 0 480 103 158 327
418 0 483 123 124 302
419 0 481 155 121 266
420 0 478 166 123 256
421 0 470 179 140 244
422 0 469 188 144 243
423 0 461 216 152 206
424 0 463 220 146 202
425 0 459 232 150 185
426 0 464 227 138 192
427 0 466 220 138 202
428 0 467 219 136 204
429 0 466 217 138 209
430 0 467 221 136 202
431 0 466 225 140 197
432 0 468 227 135 193
433 0 467 230 138 188
434 0 467 230 135 189
435 0 466 229 129 190
436 0 465 228 118 190
437 0 463 229 120 188
438 0 463 230 123 187
439 0 463 230 128 187
440 0 462 231 128 185
441 0 461 231 132 186
442 0 463 232 127 184
443 0 462 232 131 184
444 0 462 231 129 185
445 0 462 231 131 186
446 0 463 232 129 184
447 0 463 232 130 184
448 0 462 231 131 185
449 0 461 231 128 186
450 0 462 232 130 184
451 0 463 231 129 185
452 0 463 232 130 184
453 0 463 232 129 184
454 0 462 232 133 184
455 0 463 232 127 184
456 0 461 232 132 183
457 0 461 232 131 184
458 0 463 232 130 183
459 0 462 231 128 185
460 0 462 231 130 184
461 0 462 231 129 185
462 0 462 231 132 186
463 0 462 232 132 183
464 0 462 232 130 184
465 0 462 231 129 185
466 0 462 232 133 183
467 0 462 231 131 185
468 0 462 232 131 183
469 0 462 231 132 185
470 0 461 231 130 185
471 0 462 232 133 183
472 0 461 231 130 185
473 0 462 232 132 184
474 0 460 230 141 187
475 0 461 230 146 188
476 0 459 231 155 186
477 0 461 228 147 192
478 0 464 230 140 189
479 0 464 228 143 193
480 0 465 225 136 198
481 0 465 222 132 201
482 0 463 222 130 205
483 0 464 223 129 201
484 0 464 219 128 209
485 0 463 220 122 205
486 0 460 220 129 206
487 0 459 228 133 194
488 0 459 231 137 187
489 0 460 232 137 183
490 0 460 226 129 192
491 0 466 217 117 205
492 0 463 195 124 227
493 0 465 180 115 241
494 0 467 168 115 251
495 0 469 154 117 267
496 0 466 134 121 287
497 0 465 109 120 322
498 0 466 93 120 341
499 0 464 90 123 343
500 0 454 80 133 362
501 0 444 82 147 356
502 0 428 91 160 340
503 0 431 88 130 342
504 0 420 98 131 323
505 0 409 88 126 341
506 0 397 91 127 342
507 0 383 80 131 364
508 0 380 81 117 353
509 0 375 74 112 366
510 0 376 86 98 347
511 0 357 85 108 362
512 0 339 91 118 353
513 0 333 87 115 361
514 0 327 79 114 381
515 0 307 87 131 413
516 0 308 86 125 420
517 0 303 96 122 398
518 0 293 85 125 425
519 0 290 81 129 429
520 0 286 59 131 472
521 0 278 11 132 515
522 0 248 56 164 420
523 0 227 64 186 468
524 0 227 10 186 524
525 0 221 5 174 534
526 0 182 101 202 467
527 0 184 81 192 450
528 0 164 71 202 466
529 0 126 54 236 499
530 0 117 26 246 551
531 0 107 25 246 552
532 0 97 17 257 512
533 0 97 13 252 517
534 0 98 6 251 530
535 0 95 10 255 522
536 0 96 15 256 513
537 0 101 10 248 522
538 0 107 15 244 513
539 0 105 32 248 539
540 0 110 31 254 543
541 0 127 17 236 509
542 0 134 14 226 511
543 0 139 25 235 493
544 0 140 21 236 500
545 0 146 20 230 500
546 0 152 36 223 527
547 0 158 21 220 496
548 0 162 32 218 538
549 0 169 27 214 551
550 0 173 25 212 555
551 0 181 28 203 548
552 0 185 24 204 556
553 0 193 36 214 526
554 0 201 36 200 529
555 0 206 30 197 541
556 0 208 32 205 535
557 0 214 31 210 540
558 0 224 26 209 549
559 0 234 41 221 517
560 0 241 35 215 524
561 0 254 20 212 550
562 0 262 23 208 543
563 0 262 18 217 555
564 0 290 28 193 544
565 0 300 33 197 532
565 1 0 254 379 345
566 0 306 33 206 538
566 1 0 243 392 356
567 0 307 60 205 535
567 1 0 242 393 357
568 0 306 59 206 540
568 1 0 245 392 354
569 0 313 62 193 536
569 1 0 242 391 357
570 0 306 27 208 544
570 1 0 238 391 361
571 0 308 61 202 538
571 1 0 239 391 360
572 0 305 58 210 541
573 0 303 53 216 546
573 1 0 239 390 360
574 0 303 53 215 546
574 1 0 239 392 360
575 0 303 55 214 544
575 1 0 235 391 364
576 0 301 57 217 542
576 1 0 238 390 361
577 0 300 52 221 547
577 1 0 240 391 359
578 0 297 54 227 545
578 1 0 236 393 363
579 0 296 53 228 546
579 1 0 239 390 360
580 0 297 54 227 545
580 1 0 239 390 360
581 0 298 54 224 545
581 1 0 239 391 360
582 0 298 54 225 545
582 1 0 238 390 361
583 0 298 53 223 546
583 1 0 238 392 361
584 0 296 56 227 543
584 1 0 239 392 360
