121 0 301 216 51 65
122 0 298 226 45 64
126 0 305 228 57 72
130 0 310 223 65 76
131 0 315 219 57 68
132 0 322 214 50 81
133 0 315 219 60 81
134 0 314 226 65 88
135 0 325 224 50 84
136 0 319 217 65 81
137 0 330 226 49 69
138 0 336 214 58 81
139 0 341 218 52 77
140 0 343 220 57 71
141 0 339 225 60 67
142 0 344 227 61 82
143 0 348 230 52 73
144 0 355 228 61 70
145 0 357 225 55 82
146 0 366 228 45 67
147 0 363 226 50 70
148 0 360 223 66 86
149 0 364 220 62 88
150 0 376 226 59 91
151 0 373 223 63 94
152 0 366 225 80 88
153 0 389 222 59 88
154 0 394 226 52 82
155 0 394 226 51 93
156 0 392 223 54 106
157 0 389 223 67 118
158 0 387 225 67 116
159 0 402 222 62 137
160 0 407 224 62 145
161 0 414 226 60 139
162 0 410 229 70 149
163 0 427 222 57 148
164 0 422 220 77 181
165 0 433 216 85 200
166 0 443 218 86 213
167 0 451 225 82 186
168 0 457 214 86 217
169 0 467 215 96 229
170 0 478 218 99 230
171 0 494 215 117 243
172 0 522 199 126 302
173 0 538 222 142 278
174 0 552 226 150 297
175 0 586 211 167 360
176 0 595 226 175 337
177 0 599 199 187 377
178 0 612 200 183 378
179 0 617 194 178 386
180 0 617 227 160 348
181 0 609 220 167 369
182 0 613 210 176 344
183 0 634 202 156 368
184 0 611 220 164 371
185 0 616 201 176 374
186 0 614 204 180 375
187 0 615 207 176 356
188 0 623 204 170 374
189 0 620 216 173 365
190 0 626 230 160 332
191 0 629 215 160 366
192 0 642 214 143 359
193 0 639 234 147 352
194 0 642 231 143 333
195 0 638 234 145 335
196 0 636 235 148 338
197 0 632 239 149 338
198 0 623 216 171 366
199 0 625 202 168 374
200 0 627 231 156 353
201 0 611 214 180 369
202 0 611 201 180 378
203 0 610 211 182 370
204 0 589 186 201 397
205 0 589 200 203 376
206 0 578 218 209 361
207 0 604 219 180 354
208 0 590 231 186 344
209 0 595 218 164 357
210 0 570 213 201 355
211 0 564 218 201 349
212 0 548 213 175 366
213 0 553 223 171 345
214 0 521 221 173 332
215 0 524 219 153 316
216 0 507 232 174 302
217 0 512 222 147 308
218 0 499 219 143 309
219 0 480 222 130 305
220 0 460 228 138 280
221 0 470 215 116 293
222 0 441 208 118 289
223 0 437 213 107 290
224 0 427 211 110 296
225 0 425 213 103 279
226 0 415 219 106 269
227 0 400 218 116 271
228 0 398 224 99 261
229 0 397 218 100 277
230 0 398 220 107 273
231 0 375 212 118 263
232 0 368 219 97 269
233 0 357 193 123 304
234 0 356 203 121 287
235 0 371 220 104 268
236 0 374 220 101 267
237 0 373 219 103 266
238 0 365 218 111 249
239 0 372 220 104 265
240 0 371 220 104 267
241 0 357 198 123 299
242 0 370 220 104 266
243 0 371 219 104 267
244 0 369 217 111 250
245 0 372 219 103 265
246 0 356 210 126 263
247 0 364 220 108 245
248 0 362 219 107 240
249 0 353 222 118 246
250 0 369 218 100 262
251 0 356 218 106 267
252 0 354 213 103 266
253 0 344 196 118 300
254 0 343 203 122 281
255 0 344 204 122 278
256 0 353 213 105 267
257 0 353 211 105 271
258 0 354 218 104 249
259 0 354 217 102 250
260 0 343 216 122 248
261 0 356 217 100 239
262 0 353 220 107 236
263 0 343 212 125 236
264 0 344 214 127 234
265 0 329 228 169 214
266 0 309 202 185 254
267 0 315 158 166 303
268 0 332 108 128 369
269 0 341 61 140 428
270 0 333 57 152 432
271 0 342 35 139 494
272 0 360 48 135 473
273 0 377 76 135 452
274 0 392 48 133 483
275 0 416 60 93 385
276 0 436 66 87 374
277 0 433 60 144 394
278 0 445 80 148 378
279 0 472 63 151 392
280 0 489 64 155 384
281 0 516 58 166 374
282 0 558 41 158 425
283 0 632 32 150 445
284 0 640 18 152 446
285 0 658 27 140 360
286 0 680 22 115 414
356 0 599 55 188 444
357 0 579 65 187 419
358 0 550 57 156 380
359 0 526 46 160 415
360 0 475 49 197 404
361 0 457 44 182 419
362 0 444 51 202 398
363 0 430 43 186 430
364 0 404 54 165 426
365 0 378 73 151 400
366 0 383 88 130 364
367 0 355 133 158 333
368 0 353 161 138 309
369 0 366 155 125 324
370 0 354 191 131 279
371 0 355 200 132 276
372 0 362 203 116 263
373 0 364 200 114 258
374 0 366 195 101 293
375 0 360 199 116 294
376 0 358 205 121 287
377 0 359 212 121 283
378 0 361 221 116 265
379 0 363 224 109 296
380 0 359 208 114 302
381 0 364 205 107 314
382 0 360 216 111 290
383 0 361 214 111 284
384 0 362 212 107 286
385 0 362 212 110 293
386 0 362 215 107 283
387 0 363 216 105 292
388 0 361 205 103 305
389 0 370 201 103 309
390 0 362 210 104 295
391 0 354 218 122 280
392 0 361 213 95 297
393 0 363 223 108 279
394 0 363 223 109 284
395 0 365 223 106 268
396 0 367 220 108 273
397 0 366 217 100 273
398 0 375 211 113 292
399 0 384 223 95 257
400 0 384 219 108 271
401 0 398 228 99 254
402 0 399 225 98 240
403 0 410 229 100 232
404 0 405 230 114 251
405 0 408 222 106 244
406 0 422 229 110 223
407 0 420 223 92 247
408 0 425 220 106 240
409 0 432 223 101 220
410 0 431 223 99 226
411 0 429 221 95 224
412 0 428 226 95 211
413 0 427 224 92 209
414 0 432 224 92 212
415 0 423 223 94 214
416 0 426 225 86 215
417 0 433 226 81 215
418 0 449 208 78 217
419 0 453 202 80 220
420 0 444 225 90 192
421 0 440 218 85 192
422 0 445 224 88 191
423 0 445 224 91 192
424 0 444 229 84 172
425 0 453 224 76 177
426 0 451 224 74 184
427 0 451 225 74 183
428 0 447 225 75 181
429 0 446 225 76 181
430 0 446 224 73 180
431 0 440 217 72 178
432 0 447 224 68 173
433 0 446 227 67 159
434 0 444 226 67 158
435 0 443 222 69 165
436 0 442 227 62 153
437 0 444 225 64 161
438 0 445 226 61 152
439 0 447 227 54 138
440 0 445 210 56 149
441 0 444 223 51 131
442 0 436 230 56 100
443 0 425 230 62 92
444 0 414 216 72 104
445 0 423 218 54 108
446 0 412 226 57 87
447 0 404 226 54 77
448 0 399 226 54 72
449 0 398 228 51 65
450 0 401 227 53 84
451 0 402 229 52 89
452 0 393 222 61 83
453 0 398 226 46 88
454 0 401 219 45 94
455 0 396 226 60 83
456 0 399 228 51 82
457 0 393 221 54 72
458 0 381 216 70 77
459 0 396 223 36 76
460 0 380 218 62 73
461 0 393 218 41 76
462 0 384 217 53 85
463 0 380 193 66 124
464 0 385 187 49 126
465 0 374 188 56 124
466 0 371 182 53 137
467 0 367 171 54 139
468 0 356 157 61 195
469 0 353 168 62 183
470 0 354 155 51 186
471 0 339 155 63 200
472 0 323 169 74 184
473 0 314 174 80 178
474 0 328 165 69 189
475 0 317 143 66 224
476 0 315 146 64 232
477 0 305 146 72 234
478 0 307 137 70 248
479 0 278 113 100 292
480 0 279 104 101 333
481 0 272 102 128 335
482 0 280 86 114 392
483 0 269 76 130 440
484 0 277 73 145 409
485 0 271 68 198 417
486 0 261 70 215 431
487 0 242 81 242 432
488 0 265 86 217 460
489 0 250 102 225 437
490 0 246 129 267 422
491 0 246 141 283 454
492 0 242 148 306 415
493 0 239 155 306 364
494 0 240 146 317 446
495 0 238 159 322 415
496 0 241 160 321 419
497 0 242 164 321 412
