78 0 321 246 45 109 3.199482
81 0 321 246 45 109 0.743278
82 0 321 250 45 109 5.643134
85 0 314 245 49 119 8.374662
90 0 314 245 49 119 8.235514
93 0 314 245 49 119 3.212884
104 0 134 228 45 109 12.365217
108 0 128 221 49 119 4.179162
111 0 114 226 49 119 9.342455
112 0 113 225 53 129 12.777291
113 0 113 220 53 129 8.204718
115 0 103 230 53 129 14.734122
116 0 101 218 58 142 9.286919
117 0 96 224 58 142 7.575356
118 0 92 220 63 155 12.297251
119 0 90 218 58 142 12.179297
120 0 86 220 63 155 16.042923
121 0 80 220 63 155 14.995336
122 0 80 220 63 155 20.838129
123 0 74 220 63 155 17.922235
124 0 74 220 63 155 16.294218
125 0 66 219 69 168 6.509498
126 0 61 220 63 155 23.137112
127 0 53 219 69 168 12.354082
128 0 39 219 69 168 2.632292
129 0 36 216 75 183 19.077200
130 0 21 216 75 183 15.959843
131 0 14 216 75 183 6.491229
269 0 14 182 161 393 9.048481
270 0 16 168 182 433 5.548462
271 0 29 182 161 393 17.154860
272 0 45 182 161 393 17.922955
273 0 45 182 161 393 23.502274
274 0 113 336 106 259 28.587078
275 0 61 182 161 393 27.285479
276 0 76 182 161 393 31.292995
277 0 92 182 161 393 32.857601
278 0 92 182 161 393 29.911610
279 0 108 182 161 393 36.994164
280 0 108 182 161 393 29.227160
281 0 124 182 161 393 33.386795
282 0 124 182 161 393 30.177570
283 0 139 182 161 393 31.478315
284 0 139 182 161 393 23.143496
285 0 155 182 161 393 19.292442
286 0 155 182 161 393 18.145367
287 0 171 182 161 393 24.920271
288 0 183 190 126 307 26.464144
289 0 195 190 126 307 27.310196
290 0 213 198 116 282 29.424841
291 0 235 300 116 282 2.381613
291 1 208 190 126 307 31.387608
292 0 256 310 98 238 1.168589
292 1 224 198 116 282 31.858521
293 0 256 310 98 238 5.246032
293 1 224 198 116 282 37.189510
294 0 265 310 98 238 3.910495
294 1 235 198 116 282 37.815357
295 0 235 198 116 282 29.347029
296 0 246 198 116 282 33.196510
297 0 246 198 116 282 32.067818
298 0 258 198 116 282 32.725967
299 0 257 190 126 307 22.593819
300 0 269 198 116 282 37.380878
301 0 269 198 116 282 39.378857
302 0 280 198 116 282 35.478962
303 0 280 198 116 282 36.193317
304 0 290 202 106 259 27.071432
305 0 292 198 116 282 31.747330
306 0 300 202 106 259 30.059422
307 0 303 198 116 282 31.497683
308 0 310 202 106 259 30.427616
309 0 314 198 116 282 27.425432
310 0 321 202 106 259 27.454102
311 0 325 198 116 282 27.190889
312 0 331 202 106 259 34.468632
313 0 347 204 89 217 25.199896
314 0 342 202 106 259 40.820133
315 0 355 204 89 217 28.038342
316 0 355 204 89 217 24.216908
317 0 355 204 89 217 27.838923
318 0 337 198 116 282 27.076218
319 0 355 204 89 217 20.953056
320 0 342 202 106 259 23.368370
321 0 337 198 116 282 23.203506
322 0 337 198 116 282 19.894697
323 0 355 204 89 217 21.401886
324 0 342 202 106 259 26.258884
325 0 342 202 106 259 27.445471
326 0 355 204 89 217 24.852356
327 0 355 204 89 217 23.686275
328 0 342 202 106 259 23.916582
329 0 337 198 116 282 23.508093
330 0 355 204 89 217 20.656963
331 0 337 198 116 282 26.542109
332 0 337 198 116 282 22.669577
333 0 342 202 106 259 23.676662
334 0 337 198 116 282 27.673615
335 0 355 204 89 217 22.850878
336 0 342 202 106 259 23.995350
337 0 337 198 116 282 21.533985
338 0 342 202 106 259 26.022902
339 0 342 202 106 259 26.125368
340 0 342 202 106 259 27.517548
341 0 342 202 106 259 30.404919
342 0 342 202 106 259 33.529457
343 0 342 202 106 259 31.477814
344 0 337 198 116 282 29.329025
345 0 347 204 89 217 31.443914
346 0 347 204 89 217 23.391359
347 0 347 204 89 217 20.760498
348 0 331 202 106 259 33.328949
349 0 331 202 106 259 36.056080
350 0 325 198 116 282 23.816422
351 0 325 198 116 282 26.360237
352 0 338 204 89 217 22.012587
353 0 321 202 106 259 22.421417
354 0 329 204 89 217 26.006557
355 0 314 198 116 282 29.096748
356 0 310 202 106 259 20.986908
357 0 303 198 116 282 27.145447
358 0 303 198 116 282 30.323225
359 0 303 198 116 282 26.348421
360 0 292 198 116 282 21.419847
361 0 292 198 116 282 36.066181
362 0 290 202 106 259 24.061934
363 0 280 198 116 282 19.063385
364 0 280 198 116 282 32.152096
365 0 279 202 106 259 24.018667
366 0 312 309 89 217 3.142242
366 1 269 198 116 282 26.879444
367 0 269 198 116 282 30.724688
368 0 258 198 116 282 39.993664
369 0 295 309 89 217 3.466750
369 1 258 191 106 259 17.766016
370 0 246 198 116 282 36.367527
371 0 246 198 116 282 38.461346
372 0 246 198 116 282 26.814119
373 0 265 310 98 238 2.952441
373 1 235 198 116 282 39.946850
374 0 224 198 116 282 33.517960
375 0 224 198 116 282 38.902065
376 0 248 316 106 259 2.876411
376 1 213 198 116 282 30.893353
377 0 246 310 98 238 4.510530
377 1 213 198 116 282 28.479473
378 0 186 182 161 393 27.863249
379 0 201 198 116 282 24.223139
380 0 224 311 116 282 10.401212
380 1 183 190 126 307 25.485603
381 0 218 319 98 238 11.491616
381 1 171 190 126 307 18.582487
382 0 155 182 161 393 31.652481
383 0 206 316 106 259 7.239773
383 1 158 190 126 307 22.136585
384 0 139 182 161 393 29.400448
385 0 122 168 182 433 21.796097
386 0 124 182 161 393 34.356178
387 0 124 182 161 393 32.645840
388 0 108 182 161 393 31.566650
389 0 92 182 161 393 31.993256
390 0 92 182 161 393 28.866795
391 0 76 182 161 393 34.041550
392 0 76 182 161 393 26.902102
393 0 61 182 161 393 27.381590
394 0 103 347 106 254 23.488598
395 0 92 347 106 254 22.696112
396 0 29 182 161 393 19.842129
397 0 706 71 63 155 2.258751
397 1 14 182 161 393 7.633345
398 0 14 182 161 393 9.376345
399 0 1 168 179 433 7.441149
1017 0 161 289 75 183 6.675709
1022 0 143 292 82 200 5.474280
1027 0 167 324 82 200 6.290839
1035 0 205 296 75 183 11.208216
1036 0 209 312 49 119 9.476166
1037 0 214 300 69 168 20.784393
1038 0 207 292 82 200 5.536039
1039 0 215 292 82 200 14.365516
1040 0 221 300 69 168 8.966462
1042 0 216 291 89 217 4.662612
1043 0 229 300 63 155 13.922354
1044 0 225 291 89 217 2.600909
1045 0 225 300 89 217 1.071038
1046 0 234 300 89 217 1.571867
1047 0 242 300 89 217 5.653010
1048 0 260 300 63 155 8.048944
1049 0 261 317 49 119 9.161611
1050 0 272 300 63 155 7.581259
1051 0 280 317 49 119 13.549802
1052 0 283 314 58 142 13.506382
1053 0 284 306 63 155 17.114349
1054 0 248 212 106 259 15.060922
1055 0 248 212 106 259 13.465809
1056 0 303 312 63 155 18.475851
1057 0 311 320 58 142 13.956429
1058 0 315 313 69 168 16.726469
1059 0 269 212 106 259 15.611911
1060 0 322 318 75 183 15.865019
1061 0 329 320 69 168 11.480209
1062 0 712 40 63 155 4.911251
1062 1 335 320 69 168 13.905401
1062 2 294 214 98 238 7.779813
1063 0 332 300 98 238 1.017217
1063 1 292 209 116 282 13.562921
1064 0 344 326 75 183 14.188566
1065 0 351 326 75 183 10.571915
1066 0 352 316 106 259 19.738564
1066 1 314 209 116 282 13.337550
1067 0 361 319 98 238 10.516459
1067 1 314 209 116 282 10.700230
1068 0 359 311 116 282 18.423286
1068 1 318 202 126 307 13.533780
1069 0 314 209 116 282 15.709194
1069 1 359 311 116 282 16.333696
1070 0 348 311 116 282 24.916225
1070 1 306 202 126 307 12.702105
1071 0 362 326 106 259 26.984179
1071 1 305 207 137 333 17.244921
1072 0 348 323 116 278 19.684605
1072 1 305 207 137 333 22.270729
1073 0 296 197 161 393 30.013956
1074 0 296 197 161 393 28.010290
1075 0 296 197 161 393 30.378790
1076 0 296 197 161 393 34.411098
1077 0 296 197 161 393 40.558510
1078 0 296 197 161 393 39.725132
1079 0 296 197 161 393 40.432323
1080 0 296 197 161 393 40.302975
1081 0 296 197 161 393 36.651943
1082 0 296 197 161 393 41.255390
1083 0 296 197 161 393 37.089001
1084 0 296 197 161 393 35.863228
1085 0 296 197 161 393 36.471119
1086 0 296 197 161 393 36.141743
1087 0 296 197 161 393 35.218121
1088 0 296 197 161 393 38.427029
1089 0 296 197 161 393 37.968426
1090 0 296 197 161 393 42.948658
1091 0 280 197 161 393 43.519894
1092 0 280 197 161 393 46.839108
1093 0 280 197 161 393 43.955856
1094 0 280 197 161 393 52.834564
1095 0 280 197 161 393 46.003250
1096 0 280 197 161 393 47.220524
1097 0 280 197 161 393 44.834682
1098 0 280 197 161 393 43.791897
1099 0 280 197 161 393 45.090034
1100 0 280 197 161 393 42.681950
1101 0 280 197 161 393 49.860176
1102 0 280 197 161 393 42.786953
1103 0 280 197 161 393 47.266392
1104 0 280 197 161 393 47.007885
1105 0 280 197 161 393 43.792976
1106 0 280 197 161 393 44.301846
1107 0 280 197 161 393 45.870922
1108 0 280 197 161 393 43.526291
1109 0 280 197 161 393 48.340332
1110 0 280 197 161 393 45.520695
1111 0 280 197 161 393 46.086254
1112 0 280 197 161 393 43.905411
1113 0 280 197 161 393 49.654186
1114 0 280 197 161 393 47.352768
1115 0 280 197 161 393 48.567677
1116 0 280 197 161 393 44.988880
1117 0 280 197 161 393 47.269978
1118 0 280 197 161 393 45.495621
1119 0 280 197 161 393 46.220192
1120 0 280 197 161 393 41.442371
1121 0 280 197 161 393 53.883900
1122 0 280 197 161 393 53.093670
1123 0 280 197 161 393 54.211071
1124 0 280 197 161 393 48.133823
1125 0 280 197 161 393 54.722992
1126 0 280 197 161 393 58.571922
1127 0 280 197 161 393 60.966080
1128 0 280 197 161 393 53.941498
1129 0 280 197 161 393 51.702969
1130 0 280 197 161 393 54.864189
1131 0 280 197 161 393 53.232452
1132 0 238 336 106 259 8.564793
1132 1 280 197 161 393 47.919579
1133 0 238 336 106 259 5.858555
1133 1 280 197 161 393 46.922764
1134 0 265 197 161 393 43.059784
1135 0 238 336 106 259 14.397634
1135 1 280 197 161 393 42.639294
1136 0 238 336 106 259 10.806555
1136 1 280 197 161 393 41.651623
1137 0 238 336 106 259 12.977505
1137 1 280 197 161 393 40.316036
1138 0 265 197 161 393 37.878151
1139 0 238 336 106 259 12.517282
1139 1 280 197 161 393 41.275417
1140 0 265 197 161 393 38.558174
1141 0 265 197 161 393 42.740673
1142 0 265 197 161 393 41.059525
1143 0 265 197 161 393 41.084301
1144 0 238 336 106 259 12.201175
1144 1 280 197 161 393 36.804680
1145 0 238 336 106 259 12.276186
1145 1 280 197 161 393 36.804100
1146 0 265 197 161 393 39.525482
1147 0 265 197 161 393 35.920139
1148 0 265 197 161 393 37.729824
1149 0 238 336 106 259 12.674399
1149 1 280 197 161 393 34.676903
1150 0 238 336 106 259 7.861224
1150 1 280 197 161 393 40.053673
1151 0 265 197 161 393 34.122650
1152 0 238 336 106 259 5.988487
1152 1 280 197 161 393 32.764305
1153 0 238 336 106 259 7.163682
1153 1 280 197 161 393 34.423668
1154 0 238 336 106 259 12.326258
1154 1 280 197 161 393 36.369095
1155 0 238 336 106 259 12.902857
1155 1 280 197 161 393 35.945641
1156 0 238 336 106 259 8.533252
1156 1 280 197 161 393 33.193085
1157 0 265 197 161 393 32.155193
1158 0 265 197 161 393 36.369148
1159 0 265 197 161 393 37.560966
1160 0 265 197 161 393 33.295967
1161 0 265 197 161 393 36.409096
1162 0 238 336 106 259 7.213459
1162 1 280 197 161 393 33.529224
1163 0 280 197 161 393 39.750687
1164 0 238 336 106 259 10.472644
1164 1 280 197 161 393 31.482389
1165 0 238 336 106 259 8.342441
1165 1 280 197 161 393 33.190781
1166 0 238 336 106 259 8.582715
1166 1 280 197 161 393 27.642605
1167 0 238 336 106 259 6.943242
1167 1 280 197 161 393 32.666248
1168 0 238 336 106 259 9.699630
1168 1 280 197 161 393 28.273867
